# vartype: SPIN

0 4 1.0
0 5 1.0
0 6 1.0
0 7 1.0
0 128 -3.0
1 4 1.0
1 5 1.0
1 6 1.0
1 7 -1.0
1 129 3.0
2 4 -1.0
2 5 1.0
2 6 -1.0
2 7 -1.0
2 130 -3.0
3 4 1.0
3 5 -1.0
3 6 -1.0
3 7 1.0
3 131 3.0
4 12 -3.0
5 13 -3.0
6 14 3.0
7 15 -3.0
8 12 1.0
8 13 -1.0
8 14 1.0
8 15 -1.0
8 136 3.0
9 12 -1.0
9 13 1.0
9 14 -1.0
9 15 1.0
9 137 3.0
10 12 1.0
10 13 -1.0
10 14 1.0
10 15 1.0
10 138 3.0
11 12 -1.0
11 13 1.0
11 14 1.0
11 15 -1.0
11 139 -3.0
12 20 3.0
13 21 3.0
14 22 3.0
15 23 -3.0
16 20 -1.0
16 21 -1.0
16 22 1.0
16 23 1.0
16 144 -3.0
17 20 -1.0
17 21 1.0
17 22 -1.0
17 23 -1.0
17 145 -3.0
18 20 -1.0
18 21 1.0
18 22 1.0
18 23 1.0
18 146 3.0
19 20 1.0
19 21 -1.0
19 22 1.0
19 23 1.0
19 147 3.0
20 28 3.0
21 29 -3.0
22 30 -3.0
23 31 3.0
24 28 -1.0
24 29 1.0
24 30 1.0
24 31 -1.0
24 152 3.0
25 28 -1.0
25 29 1.0
25 30 1.0
25 31 1.0
25 153 3.0
26 28 -1.0
26 29 1.0
26 30 1.0
26 31 1.0
26 154 3.0
27 28 1.0
27 29 1.0
27 30 -1.0
27 31 -1.0
27 155 -3.0
28 36 -3.0
29 37 3.0
30 38 3.0
31 39 -3.0
32 36 -1.0
32 37 1.0
32 38 1.0
32 39 1.0
32 160 -3.0
33 36 -1.0
33 37 -1.0
33 38 -1.0
33 39 -1.0
33 161 3.0
34 36 -1.0
34 37 -1.0
34 38 1.0
34 39 -1.0
34 162 3.0
35 36 1.0
35 37 1.0
35 38 -1.0
35 39 -1.0
35 163 -3.0
36 44 -3.0
37 45 3.0
38 46 -3.0
39 47 -3.0
40 44 -1.0
40 45 1.0
40 46 1.0
40 47 1.0
40 168 -3.0
41 44 -1.0
41 45 -1.0
41 46 -1.0
41 47 1.0
41 169 3.0
42 44 1.0
42 45 1.0
42 46 -1.0
42 47 -1.0
42 170 -3.0
43 44 1.0
43 45 -1.0
43 46 -1.0
43 47 -1.0
43 171 -3.0
44 52 3.0
45 53 -3.0
46 54 3.0
47 55 3.0
48 52 -1.0
48 53 -1.0
48 54 1.0
48 55 -1.0
48 176 -3.0
49 52 1.0
49 53 -1.0
49 54 1.0
49 55 -1.0
49 177 3.0
50 52 -1.0
50 53 -1.0
50 54 -1.0
50 55 -1.0
50 178 -3.0
51 52 1.0
51 53 -1.0
51 54 -1.0
51 55 1.0
51 179 3.0
52 60 3.0
53 61 -3.0
54 62 3.0
55 63 3.0
56 60 1.0
56 61 1.0
56 62 1.0
56 63 -1.0
56 184 -3.0
57 60 -1.0
57 61 1.0
57 62 -1.0
57 63 1.0
57 185 3.0
58 60 -1.0
58 61 1.0
58 62 -1.0
58 63 1.0
58 186 -3.0
59 60 -1.0
59 61 1.0
59 62 -1.0
59 63 -1.0
59 187 -3.0
60 68 -3.0
61 69 -3.0
62 70 3.0
63 71 3.0
64 68 1.0
64 69 -1.0
64 70 -1.0
64 71 1.0
64 192 -3.0
65 68 1.0
65 69 1.0
65 70 -1.0
65 71 1.0
65 193 -3.0
66 68 1.0
66 69 1.0
66 70 1.0
66 71 -1.0
66 194 3.0
67 68 1.0
67 69 1.0
67 70 -1.0
67 71 -1.0
67 195 -3.0
68 76 -3.0
69 77 -3.0
70 78 3.0
71 79 -3.0
72 76 -1.0
72 77 -1.0
72 78 -1.0
72 79 -1.0
72 200 3.0
73 76 -1.0
73 77 1.0
73 78 1.0
73 79 -1.0
73 201 3.0
74 76 -1.0
74 77 1.0
74 78 1.0
74 79 1.0
74 202 3.0
75 76 -1.0
75 77 1.0
75 78 1.0
75 79 1.0
75 203 -3.0
76 84 -3.0
77 85 -3.0
78 86 3.0
79 87 3.0
80 84 -1.0
80 85 1.0
80 86 1.0
80 87 1.0
80 208 -3.0
81 84 1.0
81 85 1.0
81 86 1.0
81 87 -1.0
81 209 3.0
82 84 1.0
82 85 -1.0
82 86 -1.0
82 87 -1.0
82 210 -3.0
83 84 -1.0
83 85 -1.0
83 86 1.0
83 87 1.0
83 211 3.0
84 92 3.0
85 93 3.0
86 94 3.0
87 95 3.0
88 92 1.0
88 93 -1.0
88 94 1.0
88 95 1.0
88 216 -3.0
89 92 -1.0
89 93 -1.0
89 94 -1.0
89 95 -1.0
89 217 -3.0
90 92 -1.0
90 93 1.0
90 94 -1.0
90 95 1.0
90 218 3.0
91 92 1.0
91 93 1.0
91 94 1.0
91 95 -1.0
91 219 3.0
92 100 3.0
93 101 -3.0
94 102 -3.0
95 103 -3.0
96 100 1.0
96 101 -1.0
96 102 -1.0
96 103 1.0
96 224 -3.0
97 100 -1.0
97 101 1.0
97 102 1.0
97 103 1.0
97 225 -3.0
98 100 -1.0
98 101 -1.0
98 102 -1.0
98 103 1.0
98 226 -3.0
99 100 -1.0
99 101 -1.0
99 102 -1.0
99 103 1.0
99 227 -3.0
100 108 3.0
101 109 -3.0
102 110 -3.0
103 111 3.0
104 108 1.0
104 109 1.0
104 110 1.0
104 111 1.0
104 232 -3.0
105 108 -1.0
105 109 1.0
105 110 1.0
105 111 -1.0
105 233 -3.0
106 108 1.0
106 109 1.0
106 110 1.0
106 111 -1.0
106 234 -3.0
107 108 1.0
107 109 -1.0
107 110 -1.0
107 111 1.0
107 235 -3.0
108 116 3.0
109 117 3.0
110 118 -3.0
111 119 3.0
112 116 -1.0
112 117 -1.0
112 118 -1.0
112 119 -1.0
112 240 -3.0
113 116 -1.0
113 117 -1.0
113 118 -1.0
113 119 1.0
113 241 3.0
114 116 1.0
114 117 1.0
114 118 1.0
114 119 -1.0
114 242 -3.0
115 116 -1.0
115 117 1.0
115 118 1.0
115 119 -1.0
115 243 3.0
116 124 -3.0
117 125 3.0
118 126 -3.0
119 127 3.0
120 124 1.0
120 125 1.0
120 126 -1.0
120 127 -1.0
120 248 3.0
121 124 1.0
121 125 1.0
121 126 -1.0
121 127 1.0
121 249 -3.0
122 124 -1.0
122 125 1.0
122 126 1.0
122 127 -1.0
122 250 -3.0
123 124 -1.0
123 125 1.0
123 126 1.0
123 127 1.0
123 251 -3.0
128 132 1.0
128 133 -1.0
128 134 1.0
128 135 -1.0
128 256 3.0
129 132 -1.0
129 133 1.0
129 134 1.0
129 135 -1.0
129 257 -3.0
130 132 1.0
130 133 -1.0
130 134 1.0
130 135 -1.0
130 258 3.0
131 132 1.0
131 133 1.0
131 134 -1.0
131 135 -1.0
131 259 3.0
132 140 3.0
133 141 3.0
134 142 -3.0
135 143 3.0
136 140 -1.0
136 141 1.0
136 142 1.0
136 143 -1.0
136 264 -3.0
137 140 1.0
137 141 1.0
137 142 -1.0
137 143 -1.0
137 265 3.0
138 140 -1.0
138 141 -1.0
138 142 1.0
138 143 1.0
138 266 -3.0
139 140 -1.0
139 141 1.0
139 142 1.0
139 143 1.0
139 267 -3.0
140 148 3.0
141 149 3.0
142 150 3.0
143 151 -3.0
144 148 1.0
144 149 -1.0
144 150 1.0
144 151 -1.0
144 272 3.0
145 148 -1.0
145 149 1.0
145 150 1.0
145 151 -1.0
145 273 -3.0
146 148 -1.0
146 149 -1.0
146 150 -1.0
146 151 -1.0
146 274 -3.0
147 148 -1.0
147 149 1.0
147 150 1.0
147 151 -1.0
147 275 -3.0
148 156 -3.0
149 157 -3.0
150 158 -3.0
151 159 -3.0
152 156 1.0
152 157 1.0
152 158 -1.0
152 159 -1.0
152 280 3.0
153 156 -1.0
153 157 1.0
153 158 1.0
153 159 -1.0
153 281 -3.0
154 156 1.0
154 157 1.0
154 158 1.0
154 159 1.0
154 282 3.0
155 156 1.0
155 157 1.0
155 158 1.0
155 159 -1.0
155 283 -3.0
156 164 3.0
157 165 3.0
158 166 3.0
159 167 -3.0
160 164 1.0
160 165 1.0
160 166 -1.0
160 167 -1.0
160 288 3.0
161 164 1.0
161 165 -1.0
161 166 1.0
161 167 1.0
161 289 3.0
162 164 -1.0
162 165 1.0
162 166 1.0
162 167 1.0
162 290 3.0
163 164 -1.0
163 165 -1.0
163 166 1.0
163 167 -1.0
163 291 3.0
164 172 -3.0
165 173 3.0
166 174 3.0
167 175 -3.0
168 172 1.0
168 173 -1.0
168 174 -1.0
168 175 -1.0
168 296 3.0
169 172 -1.0
169 173 -1.0
169 174 -1.0
169 175 1.0
169 297 3.0
170 172 -1.0
170 173 1.0
170 174 -1.0
170 175 -1.0
170 298 3.0
171 172 1.0
171 173 -1.0
171 174 -1.0
171 175 -1.0
171 299 3.0
172 180 3.0
173 181 -3.0
174 182 3.0
175 183 -3.0
176 180 1.0
176 181 -1.0
176 182 1.0
176 183 1.0
176 304 -3.0
177 180 -1.0
177 181 1.0
177 182 -1.0
177 183 -1.0
177 305 3.0
178 180 -1.0
178 181 -1.0
178 182 -1.0
178 183 -1.0
178 306 3.0
179 180 -1.0
179 181 -1.0
179 182 1.0
179 183 1.0
179 307 3.0
180 188 3.0
181 189 -3.0
182 190 3.0
183 191 3.0
184 188 -1.0
184 189 -1.0
184 190 -1.0
184 191 -1.0
184 312 -3.0
185 188 -1.0
185 189 1.0
185 190 -1.0
185 191 1.0
185 313 3.0
186 188 1.0
186 189 1.0
186 190 -1.0
186 191 1.0
186 314 3.0
187 188 -1.0
187 189 1.0
187 190 1.0
187 191 1.0
187 315 3.0
188 196 3.0
189 197 3.0
190 198 3.0
191 199 3.0
192 196 -1.0
192 197 1.0
192 198 -1.0
192 199 -1.0
192 320 -3.0
193 196 1.0
193 197 1.0
193 198 1.0
193 199 1.0
193 321 3.0
194 196 -1.0
194 197 -1.0
194 198 -1.0
194 199 1.0
194 322 3.0
195 196 1.0
195 197 -1.0
195 198 1.0
195 199 -1.0
195 323 -3.0
196 204 3.0
197 205 3.0
198 206 3.0
199 207 -3.0
200 204 1.0
200 205 -1.0
200 206 -1.0
200 207 -1.0
200 328 3.0
201 204 -1.0
201 205 -1.0
201 206 1.0
201 207 -1.0
201 329 -3.0
202 204 -1.0
202 205 1.0
202 206 -1.0
202 207 -1.0
202 330 3.0
203 204 1.0
203 205 1.0
203 206 1.0
203 207 -1.0
203 331 -3.0
204 212 3.0
205 213 -3.0
206 214 -3.0
207 215 -3.0
208 212 -1.0
208 213 1.0
208 214 1.0
208 215 1.0
208 336 -3.0
209 212 1.0
209 213 1.0
209 214 1.0
209 215 1.0
209 337 -3.0
210 212 -1.0
210 213 1.0
210 214 -1.0
210 215 1.0
210 338 -3.0
211 212 -1.0
211 213 1.0
211 214 -1.0
211 215 1.0
211 339 -3.0
212 220 -3.0
213 221 -3.0
214 222 3.0
215 223 3.0
216 220 1.0
216 221 -1.0
216 222 -1.0
216 223 1.0
216 344 -3.0
217 220 1.0
217 221 -1.0
217 222 1.0
217 223 1.0
217 345 -3.0
218 220 -1.0
218 221 1.0
218 222 -1.0
218 223 1.0
218 346 -3.0
219 220 -1.0
219 221 1.0
219 222 -1.0
219 223 -1.0
219 347 -3.0
220 228 3.0
221 229 -3.0
222 230 3.0
223 231 3.0
224 228 -1.0
224 229 -1.0
224 230 1.0
224 231 -1.0
224 352 -3.0
225 228 1.0
225 229 1.0
225 230 -1.0
225 231 -1.0
225 353 3.0
226 228 1.0
226 229 1.0
226 230 -1.0
226 231 -1.0
226 354 3.0
227 228 -1.0
227 229 -1.0
227 230 -1.0
227 231 -1.0
227 355 3.0
228 236 3.0
229 237 -3.0
230 238 3.0
231 239 3.0
232 236 1.0
232 237 -1.0
232 238 1.0
232 239 -1.0
232 360 3.0
233 236 -1.0
233 237 1.0
233 238 -1.0
233 239 -1.0
233 361 -3.0
234 236 -1.0
234 237 1.0
234 238 -1.0
234 239 -1.0
234 362 -3.0
235 236 -1.0
235 237 1.0
235 238 -1.0
235 239 1.0
235 363 -3.0
236 244 -3.0
237 245 3.0
238 246 3.0
239 247 3.0
240 244 -1.0
240 245 1.0
240 246 -1.0
240 247 -1.0
240 368 -3.0
241 244 1.0
241 245 -1.0
241 246 1.0
241 247 1.0
241 369 -3.0
242 244 1.0
242 245 1.0
242 246 1.0
242 247 1.0
242 370 3.0
243 244 1.0
243 245 1.0
243 246 -1.0
243 247 -1.0
243 371 3.0
244 252 -3.0
245 253 3.0
246 254 -3.0
247 255 3.0
248 252 -1.0
248 253 -1.0
248 254 1.0
248 255 -1.0
248 376 3.0
249 252 -1.0
249 253 1.0
249 254 1.0
249 255 -1.0
249 377 3.0
250 252 -1.0
250 253 -1.0
250 254 -1.0
250 255 -1.0
250 378 3.0
251 252 1.0
251 253 -1.0
251 254 1.0
251 255 -1.0
251 379 -3.0
256 260 1.0
256 261 1.0
256 262 -1.0
256 263 1.0
256 384 -3.0
257 260 -1.0
257 261 -1.0
257 262 -1.0
257 263 -1.0
257 385 3.0
258 260 -1.0
258 261 1.0
258 262 -1.0
258 263 -1.0
258 386 3.0
259 260 -1.0
259 261 -1.0
259 262 1.0
259 263 -1.0
259 387 -3.0
260 268 3.0
261 269 3.0
262 270 3.0
263 271 -3.0
264 268 -1.0
264 269 1.0
264 270 -1.0
264 271 1.0
264 392 -3.0
265 268 1.0
265 269 1.0
265 270 -1.0
265 271 -1.0
265 393 3.0
266 268 -1.0
266 269 1.0
266 270 1.0
266 271 -1.0
266 394 3.0
267 268 1.0
267 269 1.0
267 270 1.0
267 271 1.0
267 395 3.0
268 276 3.0
269 277 -3.0
270 278 -3.0
271 279 3.0
272 276 -1.0
272 277 -1.0
272 278 1.0
272 279 1.0
272 400 -3.0
273 276 1.0
273 277 1.0
273 278 -1.0
273 279 -1.0
273 401 3.0
274 276 -1.0
274 277 -1.0
274 278 -1.0
274 279 -1.0
274 402 -3.0
275 276 -1.0
275 277 1.0
275 278 -1.0
275 279 1.0
275 403 -3.0
276 284 3.0
277 285 3.0
278 286 3.0
279 287 3.0
280 284 -1.0
280 285 -1.0
280 286 1.0
280 287 1.0
280 408 3.0
281 284 1.0
281 285 -1.0
281 286 1.0
281 287 -1.0
281 409 3.0
282 284 -1.0
282 285 1.0
282 286 1.0
282 287 1.0
282 410 -3.0
283 284 -1.0
283 285 1.0
283 286 -1.0
283 287 -1.0
283 411 3.0
284 292 3.0
285 293 3.0
286 294 3.0
287 295 -3.0
288 292 -1.0
288 293 -1.0
288 294 1.0
288 295 1.0
288 416 -3.0
289 292 -1.0
289 293 -1.0
289 294 -1.0
289 295 -1.0
289 417 3.0
290 292 1.0
290 293 1.0
290 294 -1.0
290 295 1.0
290 418 -3.0
291 292 1.0
291 293 -1.0
291 294 -1.0
291 295 -1.0
291 419 3.0
292 300 3.0
293 301 -3.0
294 302 3.0
295 303 3.0
296 300 -1.0
296 301 -1.0
296 302 1.0
296 303 1.0
296 424 -3.0
297 300 -1.0
297 301 -1.0
297 302 -1.0
297 303 -1.0
297 425 3.0
298 300 1.0
298 301 -1.0
298 302 -1.0
298 303 1.0
298 426 -3.0
299 300 1.0
299 301 -1.0
299 302 1.0
299 303 -1.0
299 427 3.0
300 308 3.0
301 309 3.0
302 310 3.0
303 311 -3.0
304 308 1.0
304 309 -1.0
304 310 -1.0
304 311 1.0
304 432 3.0
305 308 -1.0
305 309 1.0
305 310 -1.0
305 311 1.0
305 433 -3.0
306 308 1.0
306 309 1.0
306 310 -1.0
306 311 -1.0
306 434 -3.0
307 308 -1.0
307 309 -1.0
307 310 -1.0
307 311 -1.0
307 435 3.0
308 316 -3.0
309 317 3.0
310 318 -3.0
311 319 -3.0
312 316 1.0
312 317 -1.0
312 318 1.0
312 319 -1.0
312 440 -3.0
313 316 -1.0
313 317 1.0
313 318 1.0
313 319 -1.0
313 441 -3.0
314 316 1.0
314 317 1.0
314 318 -1.0
314 319 1.0
314 442 -3.0
315 316 -1.0
315 317 -1.0
315 318 -1.0
315 319 1.0
315 443 3.0
316 324 -3.0
317 325 -3.0
318 326 3.0
319 327 -3.0
320 324 -1.0
320 325 -1.0
320 326 1.0
320 327 -1.0
320 448 3.0
321 324 -1.0
321 325 -1.0
321 326 1.0
321 327 1.0
321 449 -3.0
322 324 1.0
322 325 -1.0
322 326 -1.0
322 327 1.0
322 450 3.0
323 324 1.0
323 325 1.0
323 326 -1.0
323 327 1.0
323 451 -3.0
324 332 -3.0
325 333 3.0
326 334 3.0
327 335 3.0
328 332 -1.0
328 333 1.0
328 334 1.0
328 335 1.0
328 456 -3.0
329 332 -1.0
329 333 -1.0
329 334 -1.0
329 335 1.0
329 457 3.0
330 332 1.0
330 333 1.0
330 334 1.0
330 335 1.0
330 458 3.0
331 332 -1.0
331 333 1.0
331 334 -1.0
331 335 -1.0
331 459 -3.0
332 340 3.0
333 341 3.0
334 342 -3.0
335 343 -3.0
336 340 -1.0
336 341 1.0
336 342 -1.0
336 343 -1.0
336 464 -3.0
337 340 -1.0
337 341 -1.0
337 342 -1.0
337 343 1.0
337 465 3.0
338 340 -1.0
338 341 1.0
338 342 -1.0
338 343 -1.0
338 466 3.0
339 340 -1.0
339 341 1.0
339 342 1.0
339 343 -1.0
339 467 3.0
340 348 -3.0
341 349 -3.0
342 350 -3.0
343 351 3.0
344 348 -1.0
344 349 1.0
344 350 -1.0
344 351 1.0
344 472 -3.0
345 348 -1.0
345 349 -1.0
345 350 1.0
345 351 1.0
345 473 3.0
346 348 -1.0
346 349 -1.0
346 350 -1.0
346 351 -1.0
346 474 3.0
347 348 1.0
347 349 -1.0
347 350 1.0
347 351 1.0
347 475 -3.0
348 356 3.0
349 357 3.0
350 358 -3.0
351 359 3.0
352 356 1.0
352 357 1.0
352 358 1.0
352 359 -1.0
352 480 3.0
353 356 -1.0
353 357 1.0
353 358 1.0
353 359 1.0
353 481 3.0
354 356 -1.0
354 357 -1.0
354 358 1.0
354 359 1.0
354 482 3.0
355 356 1.0
355 357 -1.0
355 358 -1.0
355 359 1.0
355 483 3.0
356 364 -3.0
357 365 3.0
358 366 3.0
359 367 3.0
360 364 -1.0
360 365 -1.0
360 366 1.0
360 367 -1.0
360 488 -3.0
361 364 -1.0
361 365 -1.0
361 366 1.0
361 367 -1.0
361 489 -3.0
362 364 1.0
362 365 -1.0
362 366 -1.0
362 367 -1.0
362 490 3.0
363 364 -1.0
363 365 1.0
363 366 -1.0
363 367 -1.0
363 491 3.0
364 372 -3.0
365 373 -3.0
366 374 -3.0
367 375 -3.0
368 372 1.0
368 373 -1.0
368 374 1.0
368 375 -1.0
368 496 3.0
369 372 -1.0
369 373 1.0
369 374 -1.0
369 375 -1.0
369 497 3.0
370 372 -1.0
370 373 1.0
370 374 -1.0
370 375 -1.0
370 498 3.0
371 372 1.0
371 373 1.0
371 374 -1.0
371 375 1.0
371 499 -3.0
372 380 3.0
373 381 3.0
374 382 3.0
375 383 -3.0
376 380 -1.0
376 381 -1.0
376 382 1.0
376 383 -1.0
376 504 3.0
377 380 -1.0
377 381 1.0
377 382 1.0
377 383 1.0
377 505 3.0
378 380 -1.0
378 381 1.0
378 382 1.0
378 383 -1.0
378 506 3.0
379 380 -1.0
379 381 1.0
379 382 -1.0
379 383 -1.0
379 507 -3.0
384 388 -1.0
384 389 1.0
384 390 -1.0
384 391 1.0
384 512 -3.0
385 388 1.0
385 389 -1.0
385 390 1.0
385 391 -1.0
385 513 -3.0
386 388 1.0
386 389 1.0
386 390 1.0
386 391 -1.0
386 514 3.0
387 388 1.0
387 389 -1.0
387 390 -1.0
387 391 1.0
387 515 3.0
388 396 -3.0
389 397 3.0
390 398 3.0
391 399 -3.0
392 396 -1.0
392 397 -1.0
392 398 1.0
392 399 -1.0
392 520 -3.0
393 396 1.0
393 397 1.0
393 398 -1.0
393 399 1.0
393 521 -3.0
394 396 1.0
394 397 1.0
394 398 -1.0
394 399 1.0
394 522 3.0
395 396 -1.0
395 397 1.0
395 398 -1.0
395 399 -1.0
395 523 -3.0
396 404 3.0
397 405 -3.0
398 406 -3.0
399 407 3.0
400 404 1.0
400 405 1.0
400 406 -1.0
400 407 -1.0
400 528 3.0
401 404 1.0
401 405 1.0
401 406 -1.0
401 407 1.0
401 529 -3.0
402 404 -1.0
402 405 1.0
402 406 1.0
402 407 -1.0
402 530 3.0
403 404 -1.0
403 405 1.0
403 406 1.0
403 407 -1.0
403 531 -3.0
404 412 3.0
405 413 3.0
406 414 -3.0
407 415 3.0
408 412 -1.0
408 413 1.0
408 414 1.0
408 415 1.0
408 536 -3.0
409 412 1.0
409 413 1.0
409 414 -1.0
409 415 -1.0
409 537 -3.0
410 412 -1.0
410 413 1.0
410 414 1.0
410 415 1.0
410 538 3.0
411 412 -1.0
411 413 1.0
411 414 1.0
411 415 1.0
411 539 -3.0
412 420 3.0
413 421 3.0
414 422 3.0
415 423 3.0
416 420 1.0
416 421 -1.0
416 422 1.0
416 423 1.0
416 544 3.0
417 420 -1.0
417 421 1.0
417 422 1.0
417 423 -1.0
417 545 3.0
418 420 -1.0
418 421 1.0
418 422 -1.0
418 423 -1.0
418 546 -3.0
419 420 1.0
419 421 -1.0
419 422 -1.0
419 423 -1.0
419 547 3.0
420 428 -3.0
421 429 -3.0
422 430 -3.0
423 431 -3.0
424 428 1.0
424 429 -1.0
424 430 1.0
424 431 -1.0
424 552 3.0
425 428 1.0
425 429 1.0
425 430 1.0
425 431 -1.0
425 553 -3.0
426 428 -1.0
426 429 -1.0
426 430 1.0
426 431 1.0
426 554 3.0
427 428 1.0
427 429 1.0
427 430 1.0
427 431 -1.0
427 555 3.0
428 436 -3.0
429 437 3.0
430 438 3.0
431 439 3.0
432 436 1.0
432 437 1.0
432 438 -1.0
432 439 1.0
432 560 3.0
433 436 -1.0
433 437 1.0
433 438 -1.0
433 439 1.0
433 561 -3.0
434 436 1.0
434 437 -1.0
434 438 1.0
434 439 -1.0
434 562 -3.0
435 436 1.0
435 437 -1.0
435 438 -1.0
435 439 1.0
435 563 -3.0
436 444 3.0
437 445 3.0
438 446 3.0
439 447 -3.0
440 444 1.0
440 445 1.0
440 446 -1.0
440 447 1.0
440 568 3.0
441 444 1.0
441 445 1.0
441 446 1.0
441 447 -1.0
441 569 3.0
442 444 1.0
442 445 -1.0
442 446 1.0
442 447 -1.0
442 570 -3.0
443 444 -1.0
443 445 1.0
443 446 1.0
443 447 1.0
443 571 3.0
444 452 3.0
445 453 3.0
446 454 -3.0
447 455 3.0
448 452 -1.0
448 453 -1.0
448 454 1.0
448 455 -1.0
448 576 -3.0
449 452 1.0
449 453 1.0
449 454 -1.0
449 455 1.0
449 577 -3.0
450 452 -1.0
450 453 -1.0
450 454 -1.0
450 455 1.0
450 578 3.0
451 452 1.0
451 453 1.0
451 454 1.0
451 455 1.0
451 579 -3.0
452 460 3.0
453 461 3.0
454 462 -3.0
455 463 -3.0
456 460 1.0
456 461 -1.0
456 462 1.0
456 463 1.0
456 584 -3.0
457 460 1.0
457 461 -1.0
457 462 1.0
457 463 -1.0
457 585 -3.0
458 460 -1.0
458 461 1.0
458 462 1.0
458 463 1.0
458 586 3.0
459 460 1.0
459 461 -1.0
459 462 -1.0
459 463 -1.0
459 587 3.0
460 468 -3.0
461 469 3.0
462 470 3.0
463 471 3.0
464 468 1.0
464 469 1.0
464 470 1.0
464 471 -1.0
464 592 -3.0
465 468 -1.0
465 469 -1.0
465 470 -1.0
465 471 1.0
465 593 3.0
466 468 -1.0
466 469 -1.0
466 470 -1.0
466 471 -1.0
466 594 3.0
467 468 -1.0
467 469 -1.0
467 470 -1.0
467 471 1.0
467 595 3.0
468 476 -3.0
469 477 -3.0
470 478 3.0
471 479 3.0
472 476 -1.0
472 477 1.0
472 478 -1.0
472 479 -1.0
472 600 3.0
473 476 -1.0
473 477 -1.0
473 478 1.0
473 479 1.0
473 601 3.0
474 476 1.0
474 477 1.0
474 478 1.0
474 479 -1.0
474 602 -3.0
475 476 1.0
475 477 -1.0
475 478 1.0
475 479 -1.0
475 603 -3.0
476 484 3.0
477 485 3.0
478 486 -3.0
479 487 3.0
480 484 -1.0
480 485 -1.0
480 486 1.0
480 487 -1.0
480 608 -3.0
481 484 1.0
481 485 -1.0
481 486 -1.0
481 487 1.0
481 609 -3.0
482 484 1.0
482 485 -1.0
482 486 1.0
482 487 1.0
482 610 -3.0
483 484 1.0
483 485 1.0
483 486 -1.0
483 487 -1.0
483 611 -3.0
484 492 -3.0
485 493 -3.0
486 494 3.0
487 495 -3.0
488 492 1.0
488 493 -1.0
488 494 1.0
488 495 1.0
488 616 -3.0
489 492 -1.0
489 493 -1.0
489 494 -1.0
489 495 -1.0
489 617 3.0
490 492 -1.0
490 493 1.0
490 494 1.0
490 495 1.0
490 618 3.0
491 492 -1.0
491 493 1.0
491 494 -1.0
491 495 1.0
491 619 3.0
492 500 3.0
493 501 3.0
494 502 3.0
495 503 3.0
496 500 1.0
496 501 -1.0
496 502 -1.0
496 503 -1.0
496 624 -3.0
497 500 -1.0
497 501 1.0
497 502 -1.0
497 503 -1.0
497 625 3.0
498 500 -1.0
498 501 -1.0
498 502 -1.0
498 503 -1.0
498 626 3.0
499 500 1.0
499 501 1.0
499 502 1.0
499 503 -1.0
499 627 3.0
500 508 -3.0
501 509 3.0
502 510 -3.0
503 511 -3.0
504 508 1.0
504 509 -1.0
504 510 1.0
504 511 -1.0
504 632 -3.0
505 508 1.0
505 509 1.0
505 510 -1.0
505 511 -1.0
505 633 -3.0
506 508 -1.0
506 509 1.0
506 510 -1.0
506 511 1.0
506 634 -3.0
507 508 -1.0
507 509 1.0
507 510 -1.0
507 511 1.0
507 635 -3.0
512 516 1.0
512 517 -1.0
512 518 1.0
512 519 1.0
512 640 -3.0
513 516 1.0
513 517 1.0
513 518 1.0
513 519 -1.0
513 641 3.0
514 516 1.0
514 517 -1.0
514 518 1.0
514 519 1.0
514 642 3.0
515 516 1.0
515 517 -1.0
515 518 1.0
515 519 1.0
515 643 -3.0
516 524 3.0
517 525 -3.0
518 526 3.0
519 527 -3.0
520 524 1.0
520 525 -1.0
520 526 -1.0
520 527 -1.0
520 648 3.0
521 524 -1.0
521 525 1.0
521 526 -1.0
521 527 1.0
521 649 3.0
522 524 -1.0
522 525 -1.0
522 526 -1.0
522 527 -1.0
522 650 -3.0
523 524 1.0
523 525 1.0
523 526 1.0
523 527 -1.0
523 651 -3.0
524 532 3.0
525 533 3.0
526 534 3.0
527 535 -3.0
528 532 -1.0
528 533 1.0
528 534 -1.0
528 535 1.0
528 656 3.0
529 532 -1.0
529 533 -1.0
529 534 1.0
529 535 1.0
529 657 3.0
530 532 -1.0
530 533 -1.0
530 534 -1.0
530 535 1.0
530 658 3.0
531 532 1.0
531 533 1.0
531 534 -1.0
531 535 1.0
531 659 3.0
532 540 3.0
533 541 -3.0
534 542 -3.0
535 543 -3.0
536 540 1.0
536 541 1.0
536 542 -1.0
536 543 1.0
536 664 -3.0
537 540 -1.0
537 541 -1.0
537 542 -1.0
537 543 -1.0
537 665 -3.0
538 540 1.0
538 541 -1.0
538 542 1.0
538 543 1.0
538 666 3.0
539 540 1.0
539 541 -1.0
539 542 -1.0
539 543 1.0
539 667 -3.0
540 548 -3.0
541 549 3.0
542 550 3.0
543 551 3.0
544 548 -1.0
544 549 -1.0
544 550 -1.0
544 551 1.0
544 672 -3.0
545 548 1.0
545 549 -1.0
545 550 1.0
545 551 1.0
545 673 3.0
546 548 1.0
546 549 -1.0
546 550 -1.0
546 551 -1.0
546 674 -3.0
547 548 1.0
547 549 -1.0
547 550 1.0
547 551 1.0
547 675 3.0
548 556 3.0
549 557 3.0
550 558 3.0
551 559 -3.0
552 556 1.0
552 557 -1.0
552 558 1.0
552 559 -1.0
552 680 3.0
553 556 -1.0
553 557 -1.0
553 558 -1.0
553 559 -1.0
553 681 3.0
554 556 1.0
554 557 -1.0
554 558 -1.0
554 559 -1.0
554 682 3.0
555 556 -1.0
555 557 1.0
555 558 -1.0
555 559 -1.0
555 683 -3.0
556 564 -3.0
557 565 3.0
558 566 -3.0
559 567 -3.0
560 564 1.0
560 565 1.0
560 566 1.0
560 567 1.0
560 688 3.0
561 564 -1.0
561 565 -1.0
561 566 -1.0
561 567 -1.0
561 689 3.0
562 564 -1.0
562 565 1.0
562 566 1.0
562 567 1.0
562 690 -3.0
563 564 1.0
563 565 -1.0
563 566 1.0
563 567 1.0
563 691 -3.0
564 572 3.0
565 573 -3.0
566 574 3.0
567 575 3.0
568 572 1.0
568 573 -1.0
568 574 1.0
568 575 1.0
568 696 3.0
569 572 -1.0
569 573 1.0
569 574 -1.0
569 575 -1.0
569 697 -3.0
570 572 -1.0
570 573 -1.0
570 574 1.0
570 575 1.0
570 698 -3.0
571 572 1.0
571 573 1.0
571 574 1.0
571 575 1.0
571 699 -3.0
572 580 3.0
573 581 3.0
574 582 3.0
575 583 -3.0
576 580 -1.0
576 581 1.0
576 582 -1.0
576 583 1.0
576 704 3.0
577 580 -1.0
577 581 1.0
577 582 -1.0
577 583 1.0
577 705 3.0
578 580 1.0
578 581 -1.0
578 582 1.0
578 583 -1.0
578 706 3.0
579 580 1.0
579 581 1.0
579 582 1.0
579 583 -1.0
579 707 -3.0
580 588 3.0
581 589 -3.0
582 590 -3.0
583 591 -3.0
584 588 1.0
584 589 1.0
584 590 1.0
584 591 -1.0
584 712 3.0
585 588 -1.0
585 589 -1.0
585 590 -1.0
585 591 -1.0
585 713 -3.0
586 588 -1.0
586 589 1.0
586 590 1.0
586 591 -1.0
586 714 -3.0
587 588 1.0
587 589 -1.0
587 590 1.0
587 591 1.0
587 715 3.0
588 596 3.0
589 597 3.0
590 598 -3.0
591 599 -3.0
592 596 -1.0
592 597 1.0
592 598 -1.0
592 599 -1.0
592 720 -3.0
593 596 -1.0
593 597 1.0
593 598 -1.0
593 599 1.0
593 721 3.0
594 596 1.0
594 597 1.0
594 598 1.0
594 599 -1.0
594 722 -3.0
595 596 1.0
595 597 1.0
595 598 1.0
595 599 -1.0
595 723 3.0
596 604 -3.0
597 605 -3.0
598 606 3.0
599 607 3.0
600 604 1.0
600 605 -1.0
600 606 1.0
600 607 1.0
600 728 3.0
601 604 -1.0
601 605 -1.0
601 606 -1.0
601 607 1.0
601 729 3.0
602 604 -1.0
602 605 1.0
602 606 1.0
602 607 -1.0
602 730 -3.0
603 604 -1.0
603 605 1.0
603 606 -1.0
603 607 1.0
603 731 3.0
604 612 3.0
605 613 -3.0
606 614 3.0
607 615 3.0
608 612 -1.0
608 613 1.0
608 614 -1.0
608 615 1.0
608 736 -3.0
609 612 1.0
609 613 1.0
609 614 1.0
609 615 -1.0
609 737 -3.0
610 612 -1.0
610 613 1.0
610 614 -1.0
610 615 -1.0
610 738 -3.0
611 612 -1.0
611 613 1.0
611 614 1.0
611 615 -1.0
611 739 -3.0
612 620 3.0
613 621 -3.0
614 622 3.0
615 623 -3.0
616 620 1.0
616 621 1.0
616 622 -1.0
616 623 1.0
616 744 3.0
617 620 -1.0
617 621 -1.0
617 622 1.0
617 623 1.0
617 745 -3.0
618 620 -1.0
618 621 1.0
618 622 1.0
618 623 -1.0
618 746 -3.0
619 620 -1.0
619 621 1.0
619 622 1.0
619 623 1.0
619 747 3.0
620 628 -3.0
621 629 -3.0
622 630 3.0
623 631 3.0
624 628 -1.0
624 629 -1.0
624 630 1.0
624 631 -1.0
624 752 -3.0
625 628 -1.0
625 629 -1.0
625 630 1.0
625 631 1.0
625 753 -3.0
626 628 -1.0
626 629 1.0
626 630 -1.0
626 631 -1.0
626 754 -3.0
627 628 -1.0
627 629 -1.0
627 630 1.0
627 631 1.0
627 755 -3.0
628 636 -3.0
629 637 -3.0
630 638 -3.0
631 639 3.0
632 636 1.0
632 637 -1.0
632 638 1.0
632 639 1.0
632 760 3.0
633 636 1.0
633 637 1.0
633 638 1.0
633 639 1.0
633 761 3.0
634 636 1.0
634 637 1.0
634 638 1.0
634 639 -1.0
634 762 -3.0
635 636 1.0
635 637 1.0
635 638 1.0
635 639 1.0
635 763 3.0
640 644 -1.0
640 645 1.0
640 646 1.0
640 647 -1.0
640 768 -3.0
641 644 -1.0
641 645 1.0
641 646 1.0
641 647 -1.0
641 769 -3.0
642 644 -1.0
642 645 -1.0
642 646 1.0
642 647 -1.0
642 770 -3.0
643 644 -1.0
643 645 1.0
643 646 -1.0
643 647 -1.0
643 771 3.0
644 652 -3.0
645 653 -3.0
646 654 3.0
647 655 -3.0
648 652 1.0
648 653 1.0
648 654 1.0
648 655 -1.0
648 776 3.0
649 652 1.0
649 653 -1.0
649 654 -1.0
649 655 -1.0
649 777 -3.0
650 652 -1.0
650 653 1.0
650 654 1.0
650 655 1.0
650 778 -3.0
651 652 -1.0
651 653 -1.0
651 654 1.0
651 655 1.0
651 779 3.0
652 660 3.0
653 661 3.0
654 662 -3.0
655 663 -3.0
656 660 -1.0
656 661 -1.0
656 662 1.0
656 663 -1.0
656 784 -3.0
657 660 1.0
657 661 -1.0
657 662 -1.0
657 663 -1.0
657 785 3.0
658 660 -1.0
658 661 -1.0
658 662 -1.0
658 663 -1.0
658 786 -3.0
659 660 1.0
659 661 -1.0
659 662 -1.0
659 663 -1.0
659 787 3.0
660 668 3.0
661 669 -3.0
662 670 -3.0
663 671 3.0
664 668 1.0
664 669 -1.0
664 670 -1.0
664 671 -1.0
664 792 -3.0
665 668 1.0
665 669 -1.0
665 670 1.0
665 671 -1.0
665 793 -3.0
666 668 -1.0
666 669 1.0
666 670 1.0
666 671 1.0
666 794 -3.0
667 668 1.0
667 669 1.0
667 670 1.0
667 671 1.0
667 795 -3.0
668 676 3.0
669 677 -3.0
670 678 -3.0
671 679 3.0
672 676 -1.0
672 677 -1.0
672 678 1.0
672 679 -1.0
672 800 -3.0
673 676 -1.0
673 677 1.0
673 678 1.0
673 679 1.0
673 801 -3.0
674 676 1.0
674 677 1.0
674 678 -1.0
674 679 1.0
674 802 3.0
675 676 -1.0
675 677 -1.0
675 678 1.0
675 679 1.0
675 803 -3.0
676 684 3.0
677 685 -3.0
678 686 -3.0
679 687 3.0
680 684 -1.0
680 685 1.0
680 686 1.0
680 687 -1.0
680 808 -3.0
681 684 1.0
681 685 1.0
681 686 -1.0
681 687 1.0
681 809 -3.0
682 684 -1.0
682 685 -1.0
682 686 1.0
682 687 -1.0
682 810 3.0
683 684 1.0
683 685 1.0
683 686 -1.0
683 687 -1.0
683 811 -3.0
684 692 3.0
685 693 3.0
686 694 3.0
687 695 -3.0
688 692 -1.0
688 693 -1.0
688 694 -1.0
688 695 -1.0
688 816 3.0
689 692 -1.0
689 693 -1.0
689 694 1.0
689 695 -1.0
689 817 -3.0
690 692 -1.0
690 693 -1.0
690 694 -1.0
690 695 -1.0
690 818 -3.0
691 692 1.0
691 693 -1.0
691 694 -1.0
691 695 1.0
691 819 3.0
692 700 -3.0
693 701 -3.0
694 702 3.0
695 703 -3.0
696 700 1.0
696 701 1.0
696 702 -1.0
696 703 -1.0
696 824 3.0
697 700 -1.0
697 701 1.0
697 702 -1.0
697 703 1.0
697 825 3.0
698 700 -1.0
698 701 -1.0
698 702 1.0
698 703 1.0
698 826 3.0
699 700 1.0
699 701 1.0
699 702 1.0
699 703 -1.0
699 827 -3.0
700 708 -3.0
701 709 -3.0
702 710 -3.0
703 711 3.0
704 708 -1.0
704 709 1.0
704 710 -1.0
704 711 1.0
704 832 3.0
705 708 1.0
705 709 -1.0
705 710 -1.0
705 711 1.0
705 833 3.0
706 708 -1.0
706 709 1.0
706 710 -1.0
706 711 1.0
706 834 3.0
707 708 1.0
707 709 1.0
707 710 1.0
707 711 -1.0
707 835 3.0
708 716 -3.0
709 717 -3.0
710 718 3.0
711 719 -3.0
712 716 1.0
712 717 1.0
712 718 1.0
712 719 -1.0
712 840 3.0
713 716 -1.0
713 717 -1.0
713 718 -1.0
713 719 1.0
713 841 3.0
714 716 -1.0
714 717 1.0
714 718 1.0
714 719 -1.0
714 842 -3.0
715 716 1.0
715 717 1.0
715 718 1.0
715 719 1.0
715 843 3.0
716 724 -3.0
717 725 -3.0
718 726 3.0
719 727 3.0
720 724 -1.0
720 725 1.0
720 726 -1.0
720 727 1.0
720 848 -3.0
721 724 1.0
721 725 1.0
721 726 -1.0
721 727 -1.0
721 849 -3.0
722 724 1.0
722 725 1.0
722 726 -1.0
722 727 1.0
722 850 -3.0
723 724 -1.0
723 725 -1.0
723 726 -1.0
723 727 1.0
723 851 3.0
724 732 -3.0
725 733 -3.0
726 734 -3.0
727 735 -3.0
728 732 1.0
728 733 1.0
728 734 1.0
728 735 -1.0
728 856 3.0
729 732 -1.0
729 733 1.0
729 734 -1.0
729 735 1.0
729 857 3.0
730 732 1.0
730 733 1.0
730 734 1.0
730 735 1.0
730 858 3.0
731 732 1.0
731 733 -1.0
731 734 -1.0
731 735 1.0
731 859 3.0
732 740 -3.0
733 741 3.0
734 742 3.0
735 743 3.0
736 740 -1.0
736 741 -1.0
736 742 -1.0
736 743 1.0
736 864 3.0
737 740 -1.0
737 741 1.0
737 742 1.0
737 743 -1.0
737 865 -3.0
738 740 -1.0
738 741 1.0
738 742 1.0
738 743 -1.0
738 866 3.0
739 740 -1.0
739 741 -1.0
739 742 1.0
739 743 1.0
739 867 3.0
740 748 3.0
741 749 3.0
742 750 -3.0
743 751 3.0
744 748 -1.0
744 749 -1.0
744 750 -1.0
744 751 -1.0
744 872 -3.0
745 748 -1.0
745 749 1.0
745 750 -1.0
745 751 1.0
745 873 3.0
746 748 -1.0
746 749 -1.0
746 750 -1.0
746 751 1.0
746 874 3.0
747 748 -1.0
747 749 1.0
747 750 1.0
747 751 -1.0
747 875 -3.0
748 756 3.0
749 757 -3.0
750 758 3.0
751 759 3.0
752 756 1.0
752 757 -1.0
752 758 1.0
752 759 1.0
752 880 3.0
753 756 1.0
753 757 -1.0
753 758 -1.0
753 759 1.0
753 881 -3.0
754 756 1.0
754 757 1.0
754 758 1.0
754 759 -1.0
754 882 3.0
755 756 -1.0
755 757 1.0
755 758 1.0
755 759 1.0
755 883 -3.0
756 764 3.0
757 765 3.0
758 766 -3.0
759 767 3.0
760 764 -1.0
760 765 1.0
760 766 1.0
760 767 -1.0
760 888 -3.0
761 764 1.0
761 765 1.0
761 766 1.0
761 767 -1.0
761 889 3.0
762 764 1.0
762 765 -1.0
762 766 -1.0
762 767 -1.0
762 890 3.0
763 764 -1.0
763 765 1.0
763 766 -1.0
763 767 -1.0
763 891 3.0
768 772 -1.0
768 773 1.0
768 774 -1.0
768 775 1.0
768 896 3.0
769 772 -1.0
769 773 -1.0
769 774 1.0
769 775 -1.0
769 897 -3.0
770 772 1.0
770 773 -1.0
770 774 1.0
770 775 -1.0
770 898 -3.0
771 772 -1.0
771 773 1.0
771 774 1.0
771 775 -1.0
771 899 3.0
772 780 3.0
773 781 3.0
774 782 -3.0
775 783 3.0
776 780 -1.0
776 781 1.0
776 782 1.0
776 783 -1.0
776 904 -3.0
777 780 -1.0
777 781 -1.0
777 782 -1.0
777 783 1.0
777 905 -3.0
778 780 1.0
778 781 1.0
778 782 1.0
778 783 -1.0
778 906 -3.0
779 780 -1.0
779 781 1.0
779 782 -1.0
779 783 1.0
779 907 -3.0
780 788 -3.0
781 789 -3.0
782 790 -3.0
783 791 3.0
784 788 -1.0
784 789 1.0
784 790 1.0
784 791 1.0
784 912 3.0
785 788 -1.0
785 789 -1.0
785 790 1.0
785 791 1.0
785 913 -3.0
786 788 -1.0
786 789 1.0
786 790 -1.0
786 791 -1.0
786 914 3.0
787 788 -1.0
787 789 -1.0
787 790 1.0
787 791 -1.0
787 915 3.0
788 796 -3.0
789 797 -3.0
790 798 3.0
791 799 -3.0
792 796 1.0
792 797 -1.0
792 798 1.0
792 799 -1.0
792 920 -3.0
793 796 -1.0
793 797 1.0
793 798 -1.0
793 799 1.0
793 921 -3.0
794 796 1.0
794 797 -1.0
794 798 1.0
794 799 -1.0
794 922 -3.0
795 796 -1.0
795 797 1.0
795 798 -1.0
795 799 -1.0
795 923 -3.0
796 804 3.0
797 805 3.0
798 806 3.0
799 807 3.0
800 804 -1.0
800 805 -1.0
800 806 1.0
800 807 -1.0
800 928 3.0
801 804 -1.0
801 805 -1.0
801 806 -1.0
801 807 -1.0
801 929 -3.0
802 804 -1.0
802 805 -1.0
802 806 -1.0
802 807 1.0
802 930 3.0
803 804 1.0
803 805 -1.0
803 806 -1.0
803 807 1.0
803 931 3.0
804 812 -3.0
805 813 3.0
806 814 -3.0
807 815 3.0
808 812 -1.0
808 813 -1.0
808 814 1.0
808 815 1.0
808 936 -3.0
809 812 -1.0
809 813 -1.0
809 814 -1.0
809 815 -1.0
809 937 -3.0
810 812 -1.0
810 813 -1.0
810 814 -1.0
810 815 1.0
810 938 -3.0
811 812 1.0
811 813 1.0
811 814 -1.0
811 815 -1.0
811 939 3.0
812 820 -3.0
813 821 3.0
814 822 3.0
815 823 -3.0
816 820 1.0
816 821 1.0
816 822 1.0
816 823 -1.0
816 944 -3.0
817 820 -1.0
817 821 1.0
817 822 -1.0
817 823 -1.0
817 945 -3.0
818 820 -1.0
818 821 -1.0
818 822 1.0
818 823 -1.0
818 946 -3.0
819 820 -1.0
819 821 1.0
819 822 1.0
819 823 -1.0
819 947 -3.0
820 828 3.0
821 829 -3.0
822 830 -3.0
823 831 -3.0
824 828 -1.0
824 829 1.0
824 830 -1.0
824 831 -1.0
824 952 3.0
825 828 1.0
825 829 -1.0
825 830 -1.0
825 831 -1.0
825 953 3.0
826 828 -1.0
826 829 -1.0
826 830 1.0
826 831 -1.0
826 954 -3.0
827 828 -1.0
827 829 -1.0
827 830 -1.0
827 831 -1.0
827 955 3.0
828 836 -3.0
829 837 -3.0
830 838 3.0
831 839 3.0
832 836 -1.0
832 837 -1.0
832 838 1.0
832 839 1.0
832 960 3.0
833 836 1.0
833 837 1.0
833 838 -1.0
833 839 1.0
833 961 -3.0
834 836 1.0
834 837 1.0
834 838 1.0
834 839 -1.0
834 962 -3.0
835 836 -1.0
835 837 1.0
835 838 1.0
835 839 1.0
835 963 -3.0
836 844 -3.0
837 845 -3.0
838 846 3.0
839 847 3.0
840 844 -1.0
840 845 1.0
840 846 1.0
840 847 1.0
840 968 -3.0
841 844 -1.0
841 845 1.0
841 846 -1.0
841 847 1.0
841 969 3.0
842 844 1.0
842 845 1.0
842 846 1.0
842 847 1.0
842 970 3.0
843 844 -1.0
843 845 1.0
843 846 -1.0
843 847 -1.0
843 971 3.0
844 852 3.0
845 853 3.0
846 854 -3.0
847 855 -3.0
848 852 1.0
848 853 1.0
848 854 1.0
848 855 1.0
848 976 -3.0
849 852 1.0
849 853 1.0
849 854 1.0
849 855 -1.0
849 977 -3.0
850 852 1.0
850 853 -1.0
850 854 1.0
850 855 1.0
850 978 -3.0
851 852 -1.0
851 853 1.0
851 854 -1.0
851 855 1.0
851 979 3.0
852 860 -3.0
853 861 3.0
854 862 -3.0
855 863 -3.0
856 860 -1.0
856 861 -1.0
856 862 -1.0
856 863 -1.0
856 984 -3.0
857 860 -1.0
857 861 -1.0
857 862 1.0
857 863 -1.0
857 985 -3.0
858 860 1.0
858 861 1.0
858 862 -1.0
858 863 1.0
858 986 3.0
859 860 -1.0
859 861 -1.0
859 862 1.0
859 863 1.0
859 987 -3.0
860 868 3.0
861 869 3.0
862 870 -3.0
863 871 -3.0
864 868 -1.0
864 869 1.0
864 870 1.0
864 871 -1.0
864 992 -3.0
865 868 -1.0
865 869 -1.0
865 870 -1.0
865 871 -1.0
865 993 3.0
866 868 -1.0
866 869 -1.0
866 870 1.0
866 871 -1.0
866 994 3.0
867 868 1.0
867 869 1.0
867 870 -1.0
867 871 -1.0
867 995 3.0
868 876 -3.0
869 877 -3.0
870 878 3.0
871 879 -3.0
872 876 -1.0
872 877 -1.0
872 878 -1.0
872 879 -1.0
872 1000 3.0
873 876 1.0
873 877 1.0
873 878 -1.0
873 879 -1.0
873 1001 3.0
874 876 1.0
874 877 -1.0
874 878 1.0
874 879 1.0
874 1002 3.0
875 876 1.0
875 877 1.0
875 878 1.0
875 879 1.0
875 1003 3.0
876 884 -3.0
877 885 3.0
878 886 -3.0
879 887 -3.0
880 884 1.0
880 885 1.0
880 886 1.0
880 887 1.0
880 1008 -3.0
881 884 -1.0
881 885 -1.0
881 886 1.0
881 887 1.0
881 1009 3.0
882 884 -1.0
882 885 -1.0
882 886 1.0
882 887 -1.0
882 1010 -3.0
883 884 1.0
883 885 -1.0
883 886 -1.0
883 887 -1.0
883 1011 -3.0
884 892 3.0
885 893 -3.0
886 894 3.0
887 895 3.0
888 892 -1.0
888 893 1.0
888 894 -1.0
888 895 -1.0
888 1016 -3.0
889 892 1.0
889 893 -1.0
889 894 -1.0
889 895 1.0
889 1017 -3.0
890 892 -1.0
890 893 1.0
890 894 1.0
890 895 1.0
890 1018 -3.0
891 892 -1.0
891 893 -1.0
891 894 -1.0
891 895 1.0
891 1019 -3.0
896 900 -1.0
896 901 -1.0
896 902 1.0
896 903 -1.0
896 1024 -3.0
897 900 1.0
897 901 -1.0
897 902 1.0
897 903 1.0
897 1025 -3.0
898 900 -1.0
898 901 1.0
898 902 1.0
898 903 1.0
898 1026 -3.0
899 900 -1.0
899 901 -1.0
899 902 1.0
899 903 1.0
899 1027 3.0
900 908 3.0
901 909 -3.0
902 910 3.0
903 911 -3.0
904 908 -1.0
904 909 1.0
904 910 -1.0
904 911 1.0
904 1032 3.0
905 908 1.0
905 909 1.0
905 910 1.0
905 911 -1.0
905 1033 3.0
906 908 1.0
906 909 -1.0
906 910 -1.0
906 911 1.0
906 1034 -3.0
907 908 1.0
907 909 -1.0
907 910 1.0
907 911 -1.0
907 1035 -3.0
908 916 -3.0
909 917 3.0
910 918 3.0
911 919 -3.0
912 916 1.0
912 917 -1.0
912 918 -1.0
912 919 -1.0
912 1040 -3.0
913 916 1.0
913 917 -1.0
913 918 1.0
913 919 1.0
913 1041 -3.0
914 916 1.0
914 917 1.0
914 918 1.0
914 919 1.0
914 1042 3.0
915 916 1.0
915 917 -1.0
915 918 -1.0
915 919 -1.0
915 1043 -3.0
916 924 -3.0
917 925 -3.0
918 926 3.0
919 927 3.0
920 924 1.0
920 925 -1.0
920 926 1.0
920 927 1.0
920 1048 -3.0
921 924 1.0
921 925 1.0
921 926 -1.0
921 927 1.0
921 1049 -3.0
922 924 -1.0
922 925 -1.0
922 926 -1.0
922 927 1.0
922 1050 3.0
923 924 -1.0
923 925 1.0
923 926 1.0
923 927 1.0
923 1051 3.0
924 932 3.0
925 933 -3.0
926 934 3.0
927 935 -3.0
928 932 -1.0
928 933 -1.0
928 934 -1.0
928 935 1.0
928 1056 3.0
929 932 -1.0
929 933 -1.0
929 934 1.0
929 935 -1.0
929 1057 3.0
930 932 1.0
930 933 1.0
930 934 1.0
930 935 -1.0
930 1058 3.0
931 932 -1.0
931 933 1.0
931 934 1.0
931 935 1.0
931 1059 -3.0
932 940 -3.0
933 941 3.0
934 942 -3.0
935 943 3.0
936 940 1.0
936 941 -1.0
936 942 1.0
936 943 -1.0
936 1064 -3.0
937 940 -1.0
937 941 1.0
937 942 1.0
937 943 1.0
937 1065 -3.0
938 940 -1.0
938 941 -1.0
938 942 1.0
938 943 1.0
938 1066 -3.0
939 940 1.0
939 941 -1.0
939 942 1.0
939 943 -1.0
939 1067 -3.0
940 948 3.0
941 949 3.0
942 950 3.0
943 951 -3.0
944 948 -1.0
944 949 -1.0
944 950 -1.0
944 951 1.0
944 1072 3.0
945 948 1.0
945 949 1.0
945 950 -1.0
945 951 -1.0
945 1073 3.0
946 948 1.0
946 949 1.0
946 950 1.0
946 951 1.0
946 1074 3.0
947 948 -1.0
947 949 1.0
947 950 1.0
947 951 -1.0
947 1075 3.0
948 956 3.0
949 957 -3.0
950 958 -3.0
951 959 3.0
952 956 1.0
952 957 1.0
952 958 -1.0
952 959 -1.0
952 1080 -3.0
953 956 -1.0
953 957 1.0
953 958 1.0
953 959 -1.0
953 1081 3.0
954 956 -1.0
954 957 1.0
954 958 -1.0
954 959 -1.0
954 1082 3.0
955 956 1.0
955 957 -1.0
955 958 -1.0
955 959 1.0
955 1083 -3.0
956 964 -3.0
957 965 -3.0
958 966 -3.0
959 967 -3.0
960 964 1.0
960 965 1.0
960 966 -1.0
960 967 -1.0
960 1088 3.0
961 964 -1.0
961 965 -1.0
961 966 1.0
961 967 -1.0
961 1089 3.0
962 964 1.0
962 965 1.0
962 966 -1.0
962 967 1.0
962 1090 -3.0
963 964 1.0
963 965 1.0
963 966 -1.0
963 967 1.0
963 1091 3.0
964 972 3.0
965 973 -3.0
966 974 3.0
967 975 3.0
968 972 -1.0
968 973 -1.0
968 974 -1.0
968 975 -1.0
968 1096 -3.0
969 972 1.0
969 973 -1.0
969 974 1.0
969 975 1.0
969 1097 3.0
970 972 -1.0
970 973 -1.0
970 974 1.0
970 975 1.0
970 1098 3.0
971 972 1.0
971 973 -1.0
971 974 -1.0
971 975 -1.0
971 1099 3.0
972 980 -3.0
973 981 3.0
974 982 -3.0
975 983 -3.0
976 980 -1.0
976 981 1.0
976 982 -1.0
976 983 -1.0
976 1104 -3.0
977 980 -1.0
977 981 1.0
977 982 -1.0
977 983 -1.0
977 1105 -3.0
978 980 1.0
978 981 1.0
978 982 -1.0
978 983 1.0
978 1106 3.0
979 980 1.0
979 981 1.0
979 982 1.0
979 983 -1.0
979 1107 3.0
980 988 -3.0
981 989 -3.0
982 990 3.0
983 991 -3.0
984 988 1.0
984 989 -1.0
984 990 1.0
984 991 1.0
984 1112 3.0
985 988 1.0
985 989 1.0
985 990 1.0
985 991 -1.0
985 1113 -3.0
986 988 1.0
986 989 1.0
986 990 1.0
986 991 1.0
986 1114 3.0
987 988 1.0
987 989 1.0
987 990 -1.0
987 991 -1.0
987 1115 -3.0
988 996 -3.0
989 997 3.0
990 998 3.0
991 999 -3.0
992 996 1.0
992 997 -1.0
992 998 1.0
992 999 1.0
992 1120 3.0
993 996 1.0
993 997 1.0
993 998 -1.0
993 999 1.0
993 1121 -3.0
994 996 -1.0
994 997 -1.0
994 998 -1.0
994 999 1.0
994 1122 -3.0
995 996 1.0
995 997 1.0
995 998 1.0
995 999 1.0
995 1123 -3.0
996 1004 3.0
997 1005 -3.0
998 1006 -3.0
999 1007 3.0
1000 1004 -1.0
1000 1005 1.0
1000 1006 1.0
1000 1007 -1.0
1000 1128 -3.0
1001 1004 -1.0
1001 1005 1.0
1001 1006 -1.0
1001 1007 1.0
1001 1129 3.0
1002 1004 1.0
1002 1005 -1.0
1002 1006 -1.0
1002 1007 -1.0
1002 1130 3.0
1003 1004 1.0
1003 1005 1.0
1003 1006 -1.0
1003 1007 1.0
1003 1131 -3.0
1004 1012 3.0
1005 1013 3.0
1006 1014 -3.0
1007 1015 -3.0
1008 1012 1.0
1008 1013 -1.0
1008 1014 1.0
1008 1015 -1.0
1008 1136 3.0
1009 1012 1.0
1009 1013 -1.0
1009 1014 -1.0
1009 1015 1.0
1009 1137 3.0
1010 1012 1.0
1010 1013 -1.0
1010 1014 -1.0
1010 1015 -1.0
1010 1138 3.0
1011 1012 -1.0
1011 1013 1.0
1011 1014 -1.0
1011 1015 1.0
1011 1139 3.0
1012 1020 -3.0
1013 1021 -3.0
1014 1022 -3.0
1015 1023 3.0
1016 1020 -1.0
1016 1021 -1.0
1016 1022 1.0
1016 1023 -1.0
1016 1144 -3.0
1017 1020 1.0
1017 1021 1.0
1017 1022 1.0
1017 1023 -1.0
1017 1145 3.0
1018 1020 1.0
1018 1021 -1.0
1018 1022 1.0
1018 1023 1.0
1018 1146 3.0
1019 1020 -1.0
1019 1021 -1.0
1019 1022 1.0
1019 1023 1.0
1019 1147 -3.0
1024 1028 1.0
1024 1029 -1.0
1024 1030 -1.0
1024 1031 -1.0
1024 1152 3.0
1025 1028 1.0
1025 1029 1.0
1025 1030 1.0
1025 1031 -1.0
1025 1153 -3.0
1026 1028 -1.0
1026 1029 1.0
1026 1030 -1.0
1026 1031 1.0
1026 1154 -3.0
1027 1028 1.0
1027 1029 1.0
1027 1030 1.0
1027 1031 1.0
1027 1155 3.0
1028 1036 -3.0
1029 1037 -3.0
1030 1038 -3.0
1031 1039 3.0
1032 1036 1.0
1032 1037 -1.0
1032 1038 1.0
1032 1039 1.0
1032 1160 3.0
1033 1036 1.0
1033 1037 1.0
1033 1038 -1.0
1033 1039 1.0
1033 1161 -3.0
1034 1036 1.0
1034 1037 1.0
1034 1038 1.0
1034 1039 1.0
1034 1162 -3.0
1035 1036 -1.0
1035 1037 -1.0
1035 1038 1.0
1035 1039 -1.0
1035 1163 -3.0
1036 1044 3.0
1037 1045 3.0
1038 1046 -3.0
1039 1047 -3.0
1040 1044 1.0
1040 1045 1.0
1040 1046 -1.0
1040 1047 1.0
1040 1168 3.0
1041 1044 1.0
1041 1045 1.0
1041 1046 -1.0
1041 1047 1.0
1041 1169 3.0
1042 1044 -1.0
1042 1045 1.0
1042 1046 1.0
1042 1047 1.0
1042 1170 -3.0
1043 1044 1.0
1043 1045 -1.0
1043 1046 1.0
1043 1047 -1.0
1043 1171 -3.0
1044 1052 -3.0
1045 1053 3.0
1046 1054 3.0
1047 1055 3.0
1048 1052 1.0
1048 1053 1.0
1048 1054 1.0
1048 1055 1.0
1048 1176 3.0
1049 1052 1.0
1049 1053 -1.0
1049 1054 -1.0
1049 1055 -1.0
1049 1177 -3.0
1050 1052 -1.0
1050 1053 -1.0
1050 1054 -1.0
1050 1055 1.0
1050 1178 3.0
1051 1052 -1.0
1051 1053 1.0
1051 1054 -1.0
1051 1055 1.0
1051 1179 -3.0
1052 1060 3.0
1053 1061 3.0
1054 1062 -3.0
1055 1063 -3.0
1056 1060 -1.0
1056 1061 -1.0
1056 1062 1.0
1056 1063 -1.0
1056 1184 -3.0
1057 1060 -1.0
1057 1061 1.0
1057 1062 1.0
1057 1063 -1.0
1057 1185 -3.0
1058 1060 1.0
1058 1061 -1.0
1058 1062 1.0
1058 1063 1.0
1058 1186 3.0
1059 1060 -1.0
1059 1061 1.0
1059 1062 -1.0
1059 1063 1.0
1059 1187 3.0
1060 1068 3.0
1061 1069 -3.0
1062 1070 -3.0
1063 1071 -3.0
1064 1068 1.0
1064 1069 1.0
1064 1070 -1.0
1064 1071 1.0
1064 1192 -3.0
1065 1068 -1.0
1065 1069 -1.0
1065 1070 -1.0
1065 1071 1.0
1065 1193 -3.0
1066 1068 -1.0
1066 1069 -1.0
1066 1070 -1.0
1066 1071 -1.0
1066 1194 -3.0
1067 1068 -1.0
1067 1069 1.0
1067 1070 -1.0
1067 1071 1.0
1067 1195 -3.0
1068 1076 3.0
1069 1077 -3.0
1070 1078 3.0
1071 1079 -3.0
1072 1076 1.0
1072 1077 -1.0
1072 1078 -1.0
1072 1079 -1.0
1072 1200 3.0
1073 1076 1.0
1073 1077 -1.0
1073 1078 -1.0
1073 1079 -1.0
1073 1201 3.0
1074 1076 -1.0
1074 1077 1.0
1074 1078 1.0
1074 1079 -1.0
1074 1202 -3.0
1075 1076 -1.0
1075 1077 1.0
1075 1078 -1.0
1075 1079 -1.0
1075 1203 3.0
1076 1084 3.0
1077 1085 3.0
1078 1086 -3.0
1079 1087 -3.0
1080 1084 -1.0
1080 1085 -1.0
1080 1086 -1.0
1080 1087 -1.0
1080 1208 3.0
1081 1084 1.0
1081 1085 1.0
1081 1086 1.0
1081 1087 1.0
1081 1209 3.0
1082 1084 -1.0
1082 1085 1.0
1082 1086 -1.0
1082 1087 -1.0
1082 1210 3.0
1083 1084 1.0
1083 1085 -1.0
1083 1086 -1.0
1083 1087 1.0
1083 1211 3.0
1084 1092 3.0
1085 1093 -3.0
1086 1094 3.0
1087 1095 -3.0
1088 1092 1.0
1088 1093 -1.0
1088 1094 1.0
1088 1095 -1.0
1088 1216 3.0
1089 1092 -1.0
1089 1093 1.0
1089 1094 -1.0
1089 1095 1.0
1089 1217 -3.0
1090 1092 -1.0
1090 1093 -1.0
1090 1094 -1.0
1090 1095 -1.0
1090 1218 -3.0
1091 1092 -1.0
1091 1093 1.0
1091 1094 1.0
1091 1095 -1.0
1091 1219 -3.0
1092 1100 -3.0
1093 1101 -3.0
1094 1102 -3.0
1095 1103 3.0
1096 1100 1.0
1096 1101 1.0
1096 1102 -1.0
1096 1103 -1.0
1096 1224 -3.0
1097 1100 -1.0
1097 1101 -1.0
1097 1102 1.0
1097 1103 -1.0
1097 1225 3.0
1098 1100 1.0
1098 1101 -1.0
1098 1102 -1.0
1098 1103 -1.0
1098 1226 3.0
1099 1100 1.0
1099 1101 -1.0
1099 1102 1.0
1099 1103 1.0
1099 1227 3.0
1100 1108 3.0
1101 1109 3.0
1102 1110 3.0
1103 1111 3.0
1104 1108 1.0
1104 1109 1.0
1104 1110 1.0
1104 1111 -1.0
1104 1232 -3.0
1105 1108 1.0
1105 1109 1.0
1105 1110 1.0
1105 1111 -1.0
1105 1233 -3.0
1106 1108 -1.0
1106 1109 1.0
1106 1110 1.0
1106 1111 -1.0
1106 1234 3.0
1107 1108 -1.0
1107 1109 1.0
1107 1110 1.0
1107 1111 -1.0
1107 1235 3.0
1108 1116 -3.0
1109 1117 -3.0
1110 1118 -3.0
1111 1119 -3.0
1112 1116 1.0
1112 1117 1.0
1112 1118 -1.0
1112 1119 -1.0
1112 1240 -3.0
1113 1116 1.0
1113 1117 1.0
1113 1118 -1.0
1113 1119 -1.0
1113 1241 3.0
1114 1116 1.0
1114 1117 1.0
1114 1118 -1.0
1114 1119 1.0
1114 1242 3.0
1115 1116 -1.0
1115 1117 -1.0
1115 1118 -1.0
1115 1119 -1.0
1115 1243 3.0
1116 1124 3.0
1117 1125 3.0
1118 1126 3.0
1119 1127 3.0
1120 1124 1.0
1120 1125 1.0
1120 1126 1.0
1120 1127 1.0
1120 1248 3.0
1121 1124 1.0
1121 1125 1.0
1121 1126 -1.0
1121 1127 -1.0
1121 1249 -3.0
1122 1124 -1.0
1122 1125 1.0
1122 1126 1.0
1122 1127 -1.0
1122 1250 3.0
1123 1124 -1.0
1123 1125 -1.0
1123 1126 -1.0
1123 1127 1.0
1123 1251 3.0
1124 1132 3.0
1125 1133 -3.0
1126 1134 3.0
1127 1135 3.0
1128 1132 -1.0
1128 1133 -1.0
1128 1134 -1.0
1128 1135 -1.0
1128 1256 3.0
1129 1132 -1.0
1129 1133 1.0
1129 1134 1.0
1129 1135 -1.0
1129 1257 -3.0
1130 1132 -1.0
1130 1133 -1.0
1130 1134 1.0
1130 1135 1.0
1130 1258 -3.0
1131 1132 1.0
1131 1133 -1.0
1131 1134 1.0
1131 1135 1.0
1131 1259 -3.0
1132 1140 -3.0
1133 1141 -3.0
1134 1142 3.0
1135 1143 3.0
1136 1140 -1.0
1136 1141 1.0
1136 1142 1.0
1136 1143 -1.0
1136 1264 -3.0
1137 1140 1.0
1137 1141 1.0
1137 1142 -1.0
1137 1143 -1.0
1137 1265 -3.0
1138 1140 -1.0
1138 1141 -1.0
1138 1142 1.0
1138 1143 1.0
1138 1266 -3.0
1139 1140 -1.0
1139 1141 1.0
1139 1142 -1.0
1139 1143 -1.0
1139 1267 3.0
1140 1148 -3.0
1141 1149 -3.0
1142 1150 3.0
1143 1151 -3.0
1144 1148 -1.0
1144 1149 -1.0
1144 1150 1.0
1144 1151 1.0
1144 1272 -3.0
1145 1148 1.0
1145 1149 -1.0
1145 1150 1.0
1145 1151 1.0
1145 1273 3.0
1146 1148 1.0
1146 1149 -1.0
1146 1150 1.0
1146 1151 1.0
1146 1274 -3.0
1147 1148 1.0
1147 1149 1.0
1147 1150 1.0
1147 1151 1.0
1147 1275 3.0
1152 1156 1.0
1152 1157 1.0
1152 1158 1.0
1152 1159 -1.0
1152 1280 3.0
1153 1156 -1.0
1153 1157 -1.0
1153 1158 -1.0
1153 1159 -1.0
1153 1281 -3.0
1154 1156 -1.0
1154 1157 -1.0
1154 1158 -1.0
1154 1159 -1.0
1154 1282 3.0
1155 1156 -1.0
1155 1157 1.0
1155 1158 1.0
1155 1159 -1.0
1155 1283 3.0
1156 1164 -3.0
1157 1165 3.0
1158 1166 -3.0
1159 1167 -3.0
1160 1164 -1.0
1160 1165 -1.0
1160 1166 1.0
1160 1167 1.0
1160 1288 -3.0
1161 1164 1.0
1161 1165 1.0
1161 1166 -1.0
1161 1167 -1.0
1161 1289 -3.0
1162 1164 -1.0
1162 1165 -1.0
1162 1166 1.0
1162 1167 -1.0
1162 1290 3.0
1163 1164 1.0
1163 1165 -1.0
1163 1166 -1.0
1163 1167 -1.0
1163 1291 3.0
1164 1172 -3.0
1165 1173 3.0
1166 1174 3.0
1167 1175 -3.0
1168 1172 -1.0
1168 1173 -1.0
1168 1174 -1.0
1168 1175 -1.0
1168 1296 -3.0
1169 1172 1.0
1169 1173 1.0
1169 1174 1.0
1169 1175 1.0
1169 1297 -3.0
1170 1172 1.0
1170 1173 1.0
1170 1174 -1.0
1170 1175 -1.0
1170 1298 -3.0
1171 1172 1.0
1171 1173 -1.0
1171 1174 -1.0
1171 1175 1.0
1171 1299 3.0
1172 1180 3.0
1173 1181 3.0
1174 1182 -3.0
1175 1183 3.0
1176 1180 -1.0
1176 1181 -1.0
1176 1182 1.0
1176 1183 1.0
1176 1304 3.0
1177 1180 1.0
1177 1181 -1.0
1177 1182 1.0
1177 1183 -1.0
1177 1305 3.0
1178 1180 -1.0
1178 1181 -1.0
1178 1182 -1.0
1178 1183 -1.0
1178 1306 3.0
1179 1180 -1.0
1179 1181 1.0
1179 1182 -1.0
1179 1183 1.0
1179 1307 3.0
1180 1188 -3.0
1181 1189 3.0
1182 1190 3.0
1183 1191 -3.0
1184 1188 1.0
1184 1189 -1.0
1184 1190 -1.0
1184 1191 -1.0
1184 1312 3.0
1185 1188 1.0
1185 1189 -1.0
1185 1190 1.0
1185 1191 1.0
1185 1313 3.0
1186 1188 1.0
1186 1189 1.0
1186 1190 1.0
1186 1191 -1.0
1186 1314 -3.0
1187 1188 1.0
1187 1189 -1.0
1187 1190 -1.0
1187 1191 1.0
1187 1315 -3.0
1188 1196 3.0
1189 1197 3.0
1190 1198 3.0
1191 1199 -3.0
1192 1196 1.0
1192 1197 -1.0
1192 1198 -1.0
1192 1199 1.0
1192 1320 3.0
1193 1196 1.0
1193 1197 -1.0
1193 1198 -1.0
1193 1199 -1.0
1193 1321 -3.0
1194 1196 1.0
1194 1197 1.0
1194 1198 1.0
1194 1199 1.0
1194 1322 3.0
1195 1196 -1.0
1195 1197 1.0
1195 1198 1.0
1195 1199 -1.0
1195 1323 -3.0
1196 1204 3.0
1197 1205 -3.0
1198 1206 3.0
1199 1207 -3.0
1200 1204 -1.0
1200 1205 1.0
1200 1206 1.0
1200 1207 1.0
1200 1328 -3.0
1201 1204 -1.0
1201 1205 1.0
1201 1206 -1.0
1201 1207 -1.0
1201 1329 -3.0
1202 1204 1.0
1202 1205 -1.0
1202 1206 -1.0
1202 1207 -1.0
1202 1330 3.0
1203 1204 -1.0
1203 1205 1.0
1203 1206 -1.0
1203 1207 -1.0
1203 1331 3.0
1204 1212 3.0
1205 1213 -3.0
1206 1214 3.0
1207 1215 -3.0
1208 1212 -1.0
1208 1213 1.0
1208 1214 1.0
1208 1215 -1.0
1208 1336 3.0
1209 1212 -1.0
1209 1213 -1.0
1209 1214 -1.0
1209 1215 1.0
1209 1337 3.0
1210 1212 -1.0
1210 1213 1.0
1210 1214 -1.0
1210 1215 1.0
1210 1338 3.0
1211 1212 1.0
1211 1213 1.0
1211 1214 1.0
1211 1215 1.0
1211 1339 -3.0
1212 1220 -3.0
1213 1221 3.0
1214 1222 3.0
1215 1223 3.0
1216 1220 1.0
1216 1221 -1.0
1216 1222 1.0
1216 1223 1.0
1216 1344 -3.0
1217 1220 1.0
1217 1221 1.0
1217 1222 -1.0
1217 1223 1.0
1217 1345 -3.0
1218 1220 -1.0
1218 1221 -1.0
1218 1222 1.0
1218 1223 1.0
1218 1346 3.0
1219 1220 -1.0
1219 1221 1.0
1219 1222 -1.0
1219 1223 -1.0
1219 1347 3.0
1220 1228 3.0
1221 1229 -3.0
1222 1230 -3.0
1223 1231 3.0
1224 1228 1.0
1224 1229 1.0
1224 1230 -1.0
1224 1231 1.0
1224 1352 -3.0
1225 1228 1.0
1225 1229 -1.0
1225 1230 -1.0
1225 1231 -1.0
1225 1353 -3.0
1226 1228 1.0
1226 1229 1.0
1226 1230 -1.0
1226 1231 -1.0
1226 1354 -3.0
1227 1228 1.0
1227 1229 1.0
1227 1230 1.0
1227 1231 -1.0
1227 1355 3.0
1228 1236 3.0
1229 1237 -3.0
1230 1238 -3.0
1231 1239 -3.0
1232 1236 -1.0
1232 1237 1.0
1232 1238 1.0
1232 1239 -1.0
1232 1360 3.0
1233 1236 1.0
1233 1237 -1.0
1233 1238 -1.0
1233 1239 1.0
1233 1361 3.0
1234 1236 1.0
1234 1237 -1.0
1234 1238 1.0
1234 1239 -1.0
1234 1362 3.0
1235 1236 1.0
1235 1237 1.0
1235 1238 1.0
1235 1239 -1.0
1235 1363 -3.0
1236 1244 -3.0
1237 1245 -3.0
1238 1246 -3.0
1239 1247 3.0
1240 1244 1.0
1240 1245 1.0
1240 1246 -1.0
1240 1247 -1.0
1240 1368 -3.0
1241 1244 -1.0
1241 1245 -1.0
1241 1246 1.0
1241 1247 1.0
1241 1369 -3.0
1242 1244 1.0
1242 1245 -1.0
1242 1246 1.0
1242 1247 -1.0
1242 1370 3.0
1243 1244 1.0
1243 1245 -1.0
1243 1246 -1.0
1243 1247 1.0
1243 1371 -3.0
1244 1252 3.0
1245 1253 -3.0
1246 1254 3.0
1247 1255 3.0
1248 1252 -1.0
1248 1253 1.0
1248 1254 1.0
1248 1255 -1.0
1248 1376 3.0
1249 1252 -1.0
1249 1253 1.0
1249 1254 1.0
1249 1255 1.0
1249 1377 -3.0
1250 1252 1.0
1250 1253 -1.0
1250 1254 1.0
1250 1255 -1.0
1250 1378 3.0
1251 1252 -1.0
1251 1253 -1.0
1251 1254 1.0
1251 1255 -1.0
1251 1379 3.0
1252 1260 -3.0
1253 1261 3.0
1254 1262 -3.0
1255 1263 -3.0
1256 1260 -1.0
1256 1261 1.0
1256 1262 -1.0
1256 1263 -1.0
1256 1384 -3.0
1257 1260 -1.0
1257 1261 -1.0
1257 1262 1.0
1257 1263 -1.0
1257 1385 -3.0
1258 1260 -1.0
1258 1261 -1.0
1258 1262 -1.0
1258 1263 -1.0
1258 1386 -3.0
1259 1260 -1.0
1259 1261 1.0
1259 1262 1.0
1259 1263 1.0
1259 1387 -3.0
1260 1268 3.0
1261 1269 -3.0
1262 1270 -3.0
1263 1271 3.0
1264 1268 1.0
1264 1269 1.0
1264 1270 1.0
1264 1271 -1.0
1264 1392 3.0
1265 1268 1.0
1265 1269 1.0
1265 1270 1.0
1265 1271 -1.0
1265 1393 -3.0
1266 1268 -1.0
1266 1269 -1.0
1266 1270 1.0
1266 1271 -1.0
1266 1394 3.0
1267 1268 1.0
1267 1269 1.0
1267 1270 -1.0
1267 1271 -1.0
1267 1395 -3.0
1268 1276 -3.0
1269 1277 -3.0
1270 1278 -3.0
1271 1279 -3.0
1272 1276 1.0
1272 1277 1.0
1272 1278 1.0
1272 1279 1.0
1272 1400 3.0
1273 1276 -1.0
1273 1277 -1.0
1273 1278 1.0
1273 1279 -1.0
1273 1401 3.0
1274 1276 1.0
1274 1277 -1.0
1274 1278 1.0
1274 1279 1.0
1274 1402 -3.0
1275 1276 1.0
1275 1277 -1.0
1275 1278 -1.0
1275 1279 1.0
1275 1403 3.0
1280 1284 -1.0
1280 1285 -1.0
1280 1286 -1.0
1280 1287 1.0
1280 1408 -3.0
1281 1284 1.0
1281 1285 1.0
1281 1286 -1.0
1281 1287 -1.0
1281 1409 -3.0
1282 1284 1.0
1282 1285 -1.0
1282 1286 -1.0
1282 1287 -1.0
1282 1410 3.0
1283 1284 -1.0
1283 1285 -1.0
1283 1286 1.0
1283 1287 1.0
1283 1411 3.0
1284 1292 3.0
1285 1293 -3.0
1286 1294 3.0
1287 1295 3.0
1288 1292 -1.0
1288 1293 1.0
1288 1294 -1.0
1288 1295 -1.0
1288 1416 3.0
1289 1292 -1.0
1289 1293 -1.0
1289 1294 -1.0
1289 1295 1.0
1289 1417 3.0
1290 1292 -1.0
1290 1293 -1.0
1290 1294 1.0
1290 1295 1.0
1290 1418 3.0
1291 1292 1.0
1291 1293 1.0
1291 1294 1.0
1291 1295 1.0
1291 1419 3.0
1292 1300 -3.0
1293 1301 3.0
1294 1302 -3.0
1295 1303 -3.0
1296 1300 -1.0
1296 1301 1.0
1296 1302 1.0
1296 1303 1.0
1296 1424 -3.0
1297 1300 -1.0
1297 1301 -1.0
1297 1302 -1.0
1297 1303 1.0
1297 1425 3.0
1298 1300 1.0
1298 1301 1.0
1298 1302 1.0
1298 1303 1.0
1298 1426 -3.0
1299 1300 -1.0
1299 1301 1.0
1299 1302 1.0
1299 1303 1.0
1299 1427 3.0
1300 1308 3.0
1301 1309 3.0
1302 1310 3.0
1303 1311 3.0
1304 1308 -1.0
1304 1309 -1.0
1304 1310 -1.0
1304 1311 -1.0
1304 1432 3.0
1305 1308 -1.0
1305 1309 1.0
1305 1310 -1.0
1305 1311 1.0
1305 1433 -3.0
1306 1308 1.0
1306 1309 -1.0
1306 1310 1.0
1306 1311 1.0
1306 1434 -3.0
1307 1308 1.0
1307 1309 1.0
1307 1310 -1.0
1307 1311 -1.0
1307 1435 3.0
1308 1316 3.0
1309 1317 3.0
1310 1318 3.0
1311 1319 3.0
1312 1316 1.0
1312 1317 -1.0
1312 1318 1.0
1312 1319 1.0
1312 1440 -3.0
1313 1316 -1.0
1313 1317 1.0
1313 1318 1.0
1313 1319 -1.0
1313 1441 3.0
1314 1316 -1.0
1314 1317 1.0
1314 1318 1.0
1314 1319 1.0
1314 1442 -3.0
1315 1316 -1.0
1315 1317 -1.0
1315 1318 1.0
1315 1319 1.0
1315 1443 3.0
1316 1324 -3.0
1317 1325 3.0
1318 1326 3.0
1319 1327 -3.0
1320 1324 1.0
1320 1325 1.0
1320 1326 -1.0
1320 1327 1.0
1320 1448 3.0
1321 1324 -1.0
1321 1325 1.0
1321 1326 -1.0
1321 1327 1.0
1321 1449 3.0
1322 1324 1.0
1322 1325 1.0
1322 1326 -1.0
1322 1327 -1.0
1322 1450 3.0
1323 1324 -1.0
1323 1325 -1.0
1323 1326 -1.0
1323 1327 1.0
1323 1451 -3.0
1324 1332 -3.0
1325 1333 3.0
1326 1334 -3.0
1327 1335 -3.0
1328 1332 1.0
1328 1333 1.0
1328 1334 1.0
1328 1335 -1.0
1328 1456 3.0
1329 1332 -1.0
1329 1333 -1.0
1329 1334 1.0
1329 1335 1.0
1329 1457 -3.0
1330 1332 -1.0
1330 1333 -1.0
1330 1334 1.0
1330 1335 -1.0
1330 1458 -3.0
1331 1332 1.0
1331 1333 1.0
1331 1334 -1.0
1331 1335 1.0
1331 1459 3.0
1332 1340 3.0
1333 1341 3.0
1334 1342 -3.0
1335 1343 3.0
1336 1340 -1.0
1336 1341 -1.0
1336 1342 1.0
1336 1343 -1.0
1336 1464 -3.0
1337 1340 -1.0
1337 1341 -1.0
1337 1342 -1.0
1337 1343 1.0
1337 1465 -3.0
1338 1340 1.0
1338 1341 1.0
1338 1342 -1.0
1338 1343 -1.0
1338 1466 -3.0
1339 1340 1.0
1339 1341 1.0
1339 1342 1.0
1339 1343 1.0
1339 1467 -3.0
1340 1348 3.0
1341 1349 -3.0
1342 1350 3.0
1343 1351 -3.0
1344 1348 -1.0
1344 1349 -1.0
1344 1350 -1.0
1344 1351 1.0
1344 1472 3.0
1345 1348 1.0
1345 1349 1.0
1345 1350 -1.0
1345 1351 -1.0
1345 1473 -3.0
1346 1348 -1.0
1346 1349 -1.0
1346 1350 1.0
1346 1351 -1.0
1346 1474 3.0
1347 1348 -1.0
1347 1349 1.0
1347 1350 1.0
1347 1351 -1.0
1347 1475 -3.0
1348 1356 3.0
1349 1357 -3.0
1350 1358 3.0
1351 1359 3.0
1352 1356 1.0
1352 1357 -1.0
1352 1358 -1.0
1352 1359 1.0
1352 1480 -3.0
1353 1356 1.0
1353 1357 -1.0
1353 1358 1.0
1353 1359 1.0
1353 1481 3.0
1354 1356 -1.0
1354 1357 1.0
1354 1358 -1.0
1354 1359 1.0
1354 1482 -3.0
1355 1356 -1.0
1355 1357 1.0
1355 1358 1.0
1355 1359 1.0
1355 1483 -3.0
1356 1364 3.0
1357 1365 -3.0
1358 1366 3.0
1359 1367 3.0
1360 1364 -1.0
1360 1365 1.0
1360 1366 -1.0
1360 1367 1.0
1360 1488 -3.0
1361 1364 -1.0
1361 1365 -1.0
1361 1366 1.0
1361 1367 -1.0
1361 1489 -3.0
1362 1364 -1.0
1362 1365 1.0
1362 1366 -1.0
1362 1367 -1.0
1362 1490 -3.0
1363 1364 -1.0
1363 1365 -1.0
1363 1366 1.0
1363 1367 1.0
1363 1491 -3.0
1364 1372 -3.0
1365 1373 3.0
1366 1374 -3.0
1367 1375 -3.0
1368 1372 -1.0
1368 1373 -1.0
1368 1374 1.0
1368 1375 1.0
1368 1496 3.0
1369 1372 -1.0
1369 1373 -1.0
1369 1374 1.0
1369 1375 -1.0
1369 1497 -3.0
1370 1372 -1.0
1370 1373 1.0
1370 1374 -1.0
1370 1375 -1.0
1370 1498 3.0
1371 1372 -1.0
1371 1373 -1.0
1371 1374 1.0
1371 1375 1.0
1371 1499 3.0
1372 1380 -3.0
1373 1381 -3.0
1374 1382 3.0
1375 1383 3.0
1376 1380 1.0
1376 1381 1.0
1376 1382 1.0
1376 1383 1.0
1376 1504 -3.0
1377 1380 -1.0
1377 1381 1.0
1377 1382 1.0
1377 1383 1.0
1377 1505 3.0
1378 1380 -1.0
1378 1381 1.0
1378 1382 -1.0
1378 1383 -1.0
1378 1506 -3.0
1379 1380 1.0
1379 1381 1.0
1379 1382 1.0
1379 1383 -1.0
1379 1507 3.0
1380 1388 3.0
1381 1389 3.0
1382 1390 -3.0
1383 1391 -3.0
1384 1388 1.0
1384 1389 1.0
1384 1390 -1.0
1384 1391 1.0
1384 1512 3.0
1385 1388 1.0
1385 1389 -1.0
1385 1390 -1.0
1385 1391 1.0
1385 1513 3.0
1386 1388 1.0
1386 1389 1.0
1386 1390 -1.0
1386 1391 -1.0
1386 1514 3.0
1387 1388 1.0
1387 1389 1.0
1387 1390 -1.0
1387 1391 -1.0
1387 1515 -3.0
1388 1396 -3.0
1389 1397 3.0
1390 1398 -3.0
1391 1399 3.0
1392 1396 1.0
1392 1397 1.0
1392 1398 -1.0
1392 1399 -1.0
1392 1520 3.0
1393 1396 -1.0
1393 1397 1.0
1393 1398 -1.0
1393 1399 -1.0
1393 1521 3.0
1394 1396 1.0
1394 1397 -1.0
1394 1398 -1.0
1394 1399 1.0
1394 1522 3.0
1395 1396 1.0
1395 1397 -1.0
1395 1398 1.0
1395 1399 -1.0
1395 1523 -3.0
1396 1404 -3.0
1397 1405 3.0
1398 1406 -3.0
1399 1407 -3.0
1400 1404 -1.0
1400 1405 -1.0
1400 1406 -1.0
1400 1407 1.0
1400 1528 3.0
1401 1404 -1.0
1401 1405 -1.0
1401 1406 1.0
1401 1407 1.0
1401 1529 3.0
1402 1404 1.0
1402 1405 -1.0
1402 1406 -1.0
1402 1407 -1.0
1402 1530 3.0
1403 1404 -1.0
1403 1405 -1.0
1403 1406 1.0
1403 1407 1.0
1403 1531 3.0
1408 1412 -1.0
1408 1413 -1.0
1408 1414 1.0
1408 1415 1.0
1408 1536 -3.0
1409 1412 1.0
1409 1413 1.0
1409 1414 1.0
1409 1415 1.0
1409 1537 3.0
1410 1412 1.0
1410 1413 1.0
1410 1414 -1.0
1410 1415 1.0
1410 1538 3.0
1411 1412 1.0
1411 1413 1.0
1411 1414 1.0
1411 1415 1.0
1411 1539 3.0
1412 1420 -3.0
1413 1421 -3.0
1414 1422 3.0
1415 1423 -3.0
1416 1420 1.0
1416 1421 1.0
1416 1422 1.0
1416 1423 -1.0
1416 1544 3.0
1417 1420 1.0
1417 1421 1.0
1417 1422 -1.0
1417 1423 -1.0
1417 1545 3.0
1418 1420 -1.0
1418 1421 -1.0
1418 1422 -1.0
1418 1423 1.0
1418 1546 3.0
1419 1420 -1.0
1419 1421 1.0
1419 1422 -1.0
1419 1423 -1.0
1419 1547 3.0
1420 1428 3.0
1421 1429 -3.0
1422 1430 3.0
1423 1431 3.0
1424 1428 -1.0
1424 1429 1.0
1424 1430 -1.0
1424 1431 -1.0
1424 1552 3.0
1425 1428 -1.0
1425 1429 -1.0
1425 1430 -1.0
1425 1431 -1.0
1425 1553 -3.0
1426 1428 1.0
1426 1429 -1.0
1426 1430 -1.0
1426 1431 -1.0
1426 1554 3.0
1427 1428 1.0
1427 1429 -1.0
1427 1430 1.0
1427 1431 1.0
1427 1555 -3.0
1428 1436 -3.0
1429 1437 -3.0
1430 1438 3.0
1431 1439 -3.0
1432 1436 -1.0
1432 1437 1.0
1432 1438 -1.0
1432 1439 1.0
1432 1560 3.0
1433 1436 1.0
1433 1437 -1.0
1433 1438 -1.0
1433 1439 1.0
1433 1561 3.0
1434 1436 1.0
1434 1437 -1.0
1434 1438 -1.0
1434 1439 1.0
1434 1562 3.0
1435 1436 -1.0
1435 1437 -1.0
1435 1438 -1.0
1435 1439 1.0
1435 1563 3.0
1436 1444 3.0
1437 1445 3.0
1438 1446 -3.0
1439 1447 -3.0
1440 1444 -1.0
1440 1445 -1.0
1440 1446 -1.0
1440 1447 -1.0
1440 1568 3.0
1441 1444 -1.0
1441 1445 1.0
1441 1446 -1.0
1441 1447 -1.0
1441 1569 3.0
1442 1444 -1.0
1442 1445 1.0
1442 1446 1.0
1442 1447 -1.0
1442 1570 3.0
1443 1444 1.0
1443 1445 1.0
1443 1446 1.0
1443 1447 1.0
1443 1571 -3.0
1444 1452 3.0
1445 1453 -3.0
1446 1454 3.0
1447 1455 -3.0
1448 1452 -1.0
1448 1453 -1.0
1448 1454 1.0
1448 1455 -1.0
1448 1576 -3.0
1449 1452 -1.0
1449 1453 -1.0
1449 1454 1.0
1449 1455 -1.0
1449 1577 3.0
1450 1452 -1.0
1450 1453 1.0
1450 1454 -1.0
1450 1455 -1.0
1450 1578 -3.0
1451 1452 -1.0
1451 1453 1.0
1451 1454 -1.0
1451 1455 1.0
1451 1579 3.0
1452 1460 -3.0
1453 1461 3.0
1454 1462 -3.0
1455 1463 3.0
1456 1460 1.0
1456 1461 1.0
1456 1462 1.0
1456 1463 -1.0
1456 1584 3.0
1457 1460 1.0
1457 1461 1.0
1457 1462 -1.0
1457 1463 -1.0
1457 1585 -3.0
1458 1460 1.0
1458 1461 -1.0
1458 1462 -1.0
1458 1463 1.0
1458 1586 -3.0
1459 1460 1.0
1459 1461 -1.0
1459 1462 -1.0
1459 1463 -1.0
1459 1587 -3.0
1460 1468 -3.0
1461 1469 3.0
1462 1470 3.0
1463 1471 3.0
1464 1468 -1.0
1464 1469 1.0
1464 1470 -1.0
1464 1471 1.0
1464 1592 3.0
1465 1468 1.0
1465 1469 -1.0
1465 1470 -1.0
1465 1471 1.0
1465 1593 3.0
1466 1468 1.0
1466 1469 -1.0
1466 1470 1.0
1466 1471 1.0
1466 1594 -3.0
1467 1468 1.0
1467 1469 1.0
1467 1470 1.0
1467 1471 1.0
1467 1595 -3.0
1468 1476 -3.0
1469 1477 -3.0
1470 1478 -3.0
1471 1479 3.0
1472 1476 1.0
1472 1477 -1.0
1472 1478 -1.0
1472 1479 1.0
1472 1600 3.0
1473 1476 1.0
1473 1477 1.0
1473 1478 -1.0
1473 1479 1.0
1473 1601 3.0
1474 1476 -1.0
1474 1477 -1.0
1474 1478 1.0
1474 1479 -1.0
1474 1602 3.0
1475 1476 -1.0
1475 1477 1.0
1475 1478 -1.0
1475 1479 -1.0
1475 1603 -3.0
1476 1484 -3.0
1477 1485 -3.0
1478 1486 -3.0
1479 1487 3.0
1480 1484 -1.0
1480 1485 1.0
1480 1486 -1.0
1480 1487 -1.0
1480 1608 -3.0
1481 1484 1.0
1481 1485 -1.0
1481 1486 -1.0
1481 1487 -1.0
1481 1609 -3.0
1482 1484 1.0
1482 1485 1.0
1482 1486 1.0
1482 1487 1.0
1482 1610 3.0
1483 1484 -1.0
1483 1485 1.0
1483 1486 1.0
1483 1487 -1.0
1483 1611 -3.0
1484 1492 -3.0
1485 1493 -3.0
1486 1494 3.0
1487 1495 -3.0
1488 1492 -1.0
1488 1493 1.0
1488 1494 1.0
1488 1495 1.0
1488 1616 -3.0
1489 1492 1.0
1489 1493 1.0
1489 1494 -1.0
1489 1495 -1.0
1489 1617 -3.0
1490 1492 1.0
1490 1493 1.0
1490 1494 1.0
1490 1495 -1.0
1490 1618 3.0
1491 1492 1.0
1491 1493 -1.0
1491 1494 -1.0
1491 1495 -1.0
1491 1619 3.0
1492 1500 -3.0
1493 1501 -3.0
1494 1502 3.0
1495 1503 3.0
1496 1500 1.0
1496 1501 1.0
1496 1502 -1.0
1496 1503 1.0
1496 1624 -3.0
1497 1500 -1.0
1497 1501 1.0
1497 1502 -1.0
1497 1503 -1.0
1497 1625 -3.0
1498 1500 -1.0
1498 1501 -1.0
1498 1502 -1.0
1498 1503 -1.0
1498 1626 3.0
1499 1500 1.0
1499 1501 -1.0
1499 1502 -1.0
1499 1503 1.0
1499 1627 -3.0
1500 1508 3.0
1501 1509 -3.0
1502 1510 3.0
1503 1511 3.0
1504 1508 1.0
1504 1509 -1.0
1504 1510 1.0
1504 1511 -1.0
1504 1632 3.0
1505 1508 -1.0
1505 1509 -1.0
1505 1510 -1.0
1505 1511 -1.0
1505 1633 3.0
1506 1508 -1.0
1506 1509 1.0
1506 1510 -1.0
1506 1511 1.0
1506 1634 3.0
1507 1508 -1.0
1507 1509 -1.0
1507 1510 1.0
1507 1511 1.0
1507 1635 3.0
1508 1516 -3.0
1509 1517 -3.0
1510 1518 3.0
1511 1519 3.0
1512 1516 1.0
1512 1517 1.0
1512 1518 1.0
1512 1519 -1.0
1512 1640 3.0
1513 1516 -1.0
1513 1517 1.0
1513 1518 -1.0
1513 1519 -1.0
1513 1641 3.0
1514 1516 -1.0
1514 1517 -1.0
1514 1518 -1.0
1514 1519 -1.0
1514 1642 3.0
1515 1516 1.0
1515 1517 -1.0
1515 1518 -1.0
1515 1519 1.0
1515 1643 3.0
1516 1524 -3.0
1517 1525 3.0
1518 1526 3.0
1519 1527 3.0
1520 1524 -1.0
1520 1525 -1.0
1520 1526 -1.0
1520 1527 1.0
1520 1648 -3.0
1521 1524 -1.0
1521 1525 -1.0
1521 1526 -1.0
1521 1527 1.0
1521 1649 3.0
1522 1524 1.0
1522 1525 1.0
1522 1526 -1.0
1522 1527 -1.0
1522 1650 3.0
1523 1524 1.0
1523 1525 1.0
1523 1526 1.0
1523 1527 -1.0
1523 1651 3.0
1524 1532 3.0
1525 1533 -3.0
1526 1534 3.0
1527 1535 -3.0
1528 1532 1.0
1528 1533 1.0
1528 1534 -1.0
1528 1535 1.0
1528 1656 3.0
1529 1532 1.0
1529 1533 -1.0
1529 1534 1.0
1529 1535 -1.0
1529 1657 -3.0
1530 1532 -1.0
1530 1533 1.0
1530 1534 1.0
1530 1535 1.0
1530 1658 3.0
1531 1532 -1.0
1531 1533 -1.0
1531 1534 -1.0
1531 1535 1.0
1531 1659 3.0
1536 1540 -1.0
1536 1541 -1.0
1536 1542 1.0
1536 1543 1.0
1536 1664 3.0
1537 1540 -1.0
1537 1541 1.0
1537 1542 1.0
1537 1543 -1.0
1537 1665 -3.0
1538 1540 -1.0
1538 1541 1.0
1538 1542 -1.0
1538 1543 -1.0
1538 1666 3.0
1539 1540 -1.0
1539 1541 1.0
1539 1542 -1.0
1539 1543 -1.0
1539 1667 -3.0
1540 1548 3.0
1541 1549 3.0
1542 1550 3.0
1543 1551 -3.0
1544 1548 -1.0
1544 1549 1.0
1544 1550 -1.0
1544 1551 -1.0
1544 1672 3.0
1545 1548 1.0
1545 1549 1.0
1545 1550 1.0
1545 1551 -1.0
1545 1673 -3.0
1546 1548 1.0
1546 1549 1.0
1546 1550 -1.0
1546 1551 -1.0
1546 1674 -3.0
1547 1548 -1.0
1547 1549 1.0
1547 1550 1.0
1547 1551 1.0
1547 1675 -3.0
1548 1556 -3.0
1549 1557 3.0
1550 1558 -3.0
1551 1559 -3.0
1552 1556 1.0
1552 1557 -1.0
1552 1558 1.0
1552 1559 -1.0
1552 1680 3.0
1553 1556 -1.0
1553 1557 1.0
1553 1558 1.0
1553 1559 -1.0
1553 1681 3.0
1554 1556 1.0
1554 1557 -1.0
1554 1558 1.0
1554 1559 1.0
1554 1682 3.0
1555 1556 1.0
1555 1557 1.0
1555 1558 -1.0
1555 1559 -1.0
1555 1683 -3.0
1556 1564 3.0
1557 1565 -3.0
1558 1566 -3.0
1559 1567 3.0
1560 1564 -1.0
1560 1565 -1.0
1560 1566 -1.0
1560 1567 1.0
1560 1688 -3.0
1561 1564 1.0
1561 1565 -1.0
1561 1566 1.0
1561 1567 1.0
1561 1689 -3.0
1562 1564 1.0
1562 1565 1.0
1562 1566 1.0
1562 1567 -1.0
1562 1690 3.0
1563 1564 1.0
1563 1565 1.0
1563 1566 -1.0
1563 1567 -1.0
1563 1691 3.0
1564 1572 -3.0
1565 1573 3.0
1566 1574 -3.0
1567 1575 -3.0
1568 1572 1.0
1568 1573 1.0
1568 1574 1.0
1568 1575 -1.0
1568 1696 -3.0
1569 1572 1.0
1569 1573 -1.0
1569 1574 -1.0
1569 1575 1.0
1569 1697 3.0
1570 1572 -1.0
1570 1573 1.0
1570 1574 -1.0
1570 1575 -1.0
1570 1698 3.0
1571 1572 1.0
1571 1573 -1.0
1571 1574 -1.0
1571 1575 1.0
1571 1699 3.0
1572 1580 -3.0
1573 1581 -3.0
1574 1582 -3.0
1575 1583 -3.0
1576 1580 1.0
1576 1581 -1.0
1576 1582 -1.0
1576 1583 -1.0
1576 1704 3.0
1577 1580 -1.0
1577 1581 -1.0
1577 1582 -1.0
1577 1583 -1.0
1577 1705 -3.0
1578 1580 1.0
1578 1581 -1.0
1578 1582 1.0
1578 1583 -1.0
1578 1706 3.0
1579 1580 1.0
1579 1581 -1.0
1579 1582 1.0
1579 1583 -1.0
1579 1707 -3.0
1580 1588 3.0
1581 1589 -3.0
1582 1590 3.0
1583 1591 3.0
1584 1588 1.0
1584 1589 -1.0
1584 1590 -1.0
1584 1591 1.0
1584 1712 -3.0
1585 1588 -1.0
1585 1589 -1.0
1585 1590 1.0
1585 1591 1.0
1585 1713 3.0
1586 1588 1.0
1586 1589 1.0
1586 1590 1.0
1586 1591 -1.0
1586 1714 3.0
1587 1588 -1.0
1587 1589 -1.0
1587 1590 1.0
1587 1591 1.0
1587 1715 3.0
1588 1596 -3.0
1589 1597 3.0
1590 1598 -3.0
1591 1599 -3.0
1592 1596 -1.0
1592 1597 -1.0
1592 1598 1.0
1592 1599 -1.0
1592 1720 3.0
1593 1596 -1.0
1593 1597 1.0
1593 1598 1.0
1593 1599 1.0
1593 1721 3.0
1594 1596 -1.0
1594 1597 -1.0
1594 1598 1.0
1594 1599 -1.0
1594 1722 -3.0
1595 1596 1.0
1595 1597 1.0
1595 1598 1.0
1595 1599 -1.0
1595 1723 -3.0
1596 1604 3.0
1597 1605 3.0
1598 1606 -3.0
1599 1607 -3.0
1600 1604 -1.0
1600 1605 1.0
1600 1606 -1.0
1600 1607 -1.0
1600 1728 3.0
1601 1604 -1.0
1601 1605 -1.0
1601 1606 1.0
1601 1607 1.0
1601 1729 3.0
1602 1604 1.0
1602 1605 -1.0
1602 1606 1.0
1602 1607 -1.0
1602 1730 -3.0
1603 1604 -1.0
1603 1605 1.0
1603 1606 -1.0
1603 1607 -1.0
1603 1731 3.0
1604 1612 -3.0
1605 1613 3.0
1606 1614 3.0
1607 1615 -3.0
1608 1612 -1.0
1608 1613 -1.0
1608 1614 1.0
1608 1615 1.0
1608 1736 3.0
1609 1612 -1.0
1609 1613 1.0
1609 1614 -1.0
1609 1615 1.0
1609 1737 3.0
1610 1612 1.0
1610 1613 1.0
1610 1614 -1.0
1610 1615 -1.0
1610 1738 -3.0
1611 1612 -1.0
1611 1613 1.0
1611 1614 1.0
1611 1615 1.0
1611 1739 3.0
1612 1620 3.0
1613 1621 3.0
1614 1622 -3.0
1615 1623 -3.0
1616 1620 1.0
1616 1621 -1.0
1616 1622 1.0
1616 1623 -1.0
1616 1744 -3.0
1617 1620 -1.0
1617 1621 1.0
1617 1622 1.0
1617 1623 -1.0
1617 1745 3.0
1618 1620 1.0
1618 1621 -1.0
1618 1622 -1.0
1618 1623 1.0
1618 1746 3.0
1619 1620 1.0
1619 1621 -1.0
1619 1622 -1.0
1619 1623 1.0
1619 1747 3.0
1620 1628 -3.0
1621 1629 -3.0
1622 1630 -3.0
1623 1631 -3.0
1624 1628 -1.0
1624 1629 1.0
1624 1630 1.0
1624 1631 -1.0
1624 1752 3.0
1625 1628 1.0
1625 1629 -1.0
1625 1630 1.0
1625 1631 1.0
1625 1753 -3.0
1626 1628 -1.0
1626 1629 1.0
1626 1630 -1.0
1626 1631 -1.0
1626 1754 3.0
1627 1628 1.0
1627 1629 -1.0
1627 1630 -1.0
1627 1631 -1.0
1627 1755 -3.0
1628 1636 3.0
1629 1637 3.0
1630 1638 -3.0
1631 1639 -3.0
1632 1636 1.0
1632 1637 -1.0
1632 1638 -1.0
1632 1639 1.0
1632 1760 3.0
1633 1636 -1.0
1633 1637 1.0
1633 1638 -1.0
1633 1639 1.0
1633 1761 3.0
1634 1636 -1.0
1634 1637 -1.0
1634 1638 1.0
1634 1639 -1.0
1634 1762 3.0
1635 1636 1.0
1635 1637 -1.0
1635 1638 1.0
1635 1639 -1.0
1635 1763 -3.0
1636 1644 3.0
1637 1645 3.0
1638 1646 3.0
1639 1647 3.0
1640 1644 1.0
1640 1645 -1.0
1640 1646 -1.0
1640 1647 1.0
1640 1768 3.0
1641 1644 1.0
1641 1645 -1.0
1641 1646 -1.0
1641 1647 -1.0
1641 1769 3.0
1642 1644 -1.0
1642 1645 -1.0
1642 1646 -1.0
1642 1647 1.0
1642 1770 -3.0
1643 1644 1.0
1643 1645 -1.0
1643 1646 -1.0
1643 1647 -1.0
1643 1771 3.0
1644 1652 -3.0
1645 1653 3.0
1646 1654 3.0
1647 1655 3.0
1648 1652 1.0
1648 1653 -1.0
1648 1654 -1.0
1648 1655 -1.0
1648 1776 -3.0
1649 1652 -1.0
1649 1653 1.0
1649 1654 1.0
1649 1655 1.0
1649 1777 3.0
1650 1652 1.0
1650 1653 -1.0
1650 1654 1.0
1650 1655 1.0
1650 1778 -3.0
1651 1652 1.0
1651 1653 1.0
1651 1654 -1.0
1651 1655 -1.0
1651 1779 -3.0
1652 1660 3.0
1653 1661 -3.0
1654 1662 -3.0
1655 1663 3.0
1656 1660 -1.0
1656 1661 1.0
1656 1662 1.0
1656 1663 -1.0
1656 1784 3.0
1657 1660 -1.0
1657 1661 -1.0
1657 1662 1.0
1657 1663 1.0
1657 1785 3.0
1658 1660 -1.0
1658 1661 -1.0
1658 1662 1.0
1658 1663 -1.0
1658 1786 -3.0
1659 1660 -1.0
1659 1661 -1.0
1659 1662 -1.0
1659 1663 -1.0
1659 1787 -3.0
1664 1668 1.0
1664 1669 -1.0
1664 1670 -1.0
1664 1671 -1.0
1664 1792 -3.0
1665 1668 1.0
1665 1669 1.0
1665 1670 -1.0
1665 1671 -1.0
1665 1793 -3.0
1666 1668 -1.0
1666 1669 -1.0
1666 1670 -1.0
1666 1671 1.0
1666 1794 -3.0
1667 1668 1.0
1667 1669 1.0
1667 1670 1.0
1667 1671 1.0
1667 1795 -3.0
1668 1676 3.0
1669 1677 3.0
1670 1678 3.0
1671 1679 3.0
1672 1676 1.0
1672 1677 1.0
1672 1678 -1.0
1672 1679 1.0
1672 1800 -3.0
1673 1676 -1.0
1673 1677 -1.0
1673 1678 1.0
1673 1679 1.0
1673 1801 3.0
1674 1676 -1.0
1674 1677 -1.0
1674 1678 -1.0
1674 1679 1.0
1674 1802 3.0
1675 1676 -1.0
1675 1677 1.0
1675 1678 -1.0
1675 1679 1.0
1675 1803 -3.0
1676 1684 3.0
1677 1685 3.0
1678 1686 3.0
1679 1687 3.0
1680 1684 -1.0
1680 1685 -1.0
1680 1686 1.0
1680 1687 1.0
1680 1808 3.0
1681 1684 1.0
1681 1685 -1.0
1681 1686 1.0
1681 1687 -1.0
1681 1809 -3.0
1682 1684 -1.0
1682 1685 -1.0
1682 1686 1.0
1682 1687 -1.0
1682 1810 3.0
1683 1684 1.0
1683 1685 -1.0
1683 1686 -1.0
1683 1687 -1.0
1683 1811 3.0
1684 1692 -3.0
1685 1693 -3.0
1686 1694 -3.0
1687 1695 -3.0
1688 1692 -1.0
1688 1693 -1.0
1688 1694 -1.0
1688 1695 1.0
1688 1816 -3.0
1689 1692 -1.0
1689 1693 1.0
1689 1694 -1.0
1689 1695 1.0
1689 1817 3.0
1690 1692 -1.0
1690 1693 1.0
1690 1694 1.0
1690 1695 -1.0
1690 1818 -3.0
1691 1692 1.0
1691 1693 -1.0
1691 1694 1.0
1691 1695 1.0
1691 1819 -3.0
1692 1700 -3.0
1693 1701 -3.0
1694 1702 3.0
1695 1703 -3.0
1696 1700 1.0
1696 1701 -1.0
1696 1702 -1.0
1696 1703 1.0
1696 1824 -3.0
1697 1700 1.0
1697 1701 1.0
1697 1702 1.0
1697 1703 -1.0
1697 1825 3.0
1698 1700 -1.0
1698 1701 -1.0
1698 1702 -1.0
1698 1703 -1.0
1698 1826 3.0
1699 1700 1.0
1699 1701 1.0
1699 1702 1.0
1699 1703 1.0
1699 1827 3.0
1700 1708 -3.0
1701 1709 3.0
1702 1710 3.0
1703 1711 -3.0
1704 1708 1.0
1704 1709 -1.0
1704 1710 -1.0
1704 1711 -1.0
1704 1832 3.0
1705 1708 -1.0
1705 1709 1.0
1705 1710 1.0
1705 1711 1.0
1705 1833 -3.0
1706 1708 -1.0
1706 1709 -1.0
1706 1710 -1.0
1706 1711 -1.0
1706 1834 -3.0
1707 1708 1.0
1707 1709 -1.0
1707 1710 -1.0
1707 1711 -1.0
1707 1835 -3.0
1708 1716 -3.0
1709 1717 3.0
1710 1718 -3.0
1711 1719 -3.0
1712 1716 -1.0
1712 1717 1.0
1712 1718 1.0
1712 1719 -1.0
1712 1840 3.0
1713 1716 -1.0
1713 1717 1.0
1713 1718 -1.0
1713 1719 1.0
1713 1841 -3.0
1714 1716 -1.0
1714 1717 -1.0
1714 1718 -1.0
1714 1719 1.0
1714 1842 3.0
1715 1716 -1.0
1715 1717 -1.0
1715 1718 -1.0
1715 1719 1.0
1715 1843 -3.0
1716 1724 -3.0
1717 1725 -3.0
1718 1726 3.0
1719 1727 -3.0
1720 1724 -1.0
1720 1725 1.0
1720 1726 -1.0
1720 1727 -1.0
1720 1848 -3.0
1721 1724 -1.0
1721 1725 1.0
1721 1726 1.0
1721 1727 -1.0
1721 1849 3.0
1722 1724 -1.0
1722 1725 -1.0
1722 1726 1.0
1722 1727 -1.0
1722 1850 -3.0
1723 1724 1.0
1723 1725 1.0
1723 1726 1.0
1723 1727 -1.0
1723 1851 3.0
1724 1732 3.0
1725 1733 -3.0
1726 1734 -3.0
1727 1735 -3.0
1728 1732 -1.0
1728 1733 -1.0
1728 1734 -1.0
1728 1735 -1.0
1728 1856 -3.0
1729 1732 1.0
1729 1733 1.0
1729 1734 1.0
1729 1735 -1.0
1729 1857 3.0
1730 1732 1.0
1730 1733 -1.0
1730 1734 -1.0
1730 1735 -1.0
1730 1858 3.0
1731 1732 -1.0
1731 1733 1.0
1731 1734 1.0
1731 1735 -1.0
1731 1859 3.0
1732 1740 -3.0
1733 1741 3.0
1734 1742 3.0
1735 1743 -3.0
1736 1740 -1.0
1736 1741 -1.0
1736 1742 1.0
1736 1743 1.0
1736 1864 3.0
1737 1740 1.0
1737 1741 -1.0
1737 1742 1.0
1737 1743 1.0
1737 1865 3.0
1738 1740 1.0
1738 1741 -1.0
1738 1742 -1.0
1738 1743 1.0
1738 1866 -3.0
1739 1740 -1.0
1739 1741 -1.0
1739 1742 1.0
1739 1743 1.0
1739 1867 -3.0
1740 1748 -3.0
1741 1749 3.0
1742 1750 -3.0
1743 1751 3.0
1744 1748 1.0
1744 1749 1.0
1744 1750 1.0
1744 1751 1.0
1744 1872 -3.0
1745 1748 -1.0
1745 1749 1.0
1745 1750 1.0
1745 1751 -1.0
1745 1873 -3.0
1746 1748 1.0
1746 1749 1.0
1746 1750 1.0
1746 1751 1.0
1746 1874 3.0
1747 1748 -1.0
1747 1749 -1.0
1747 1750 1.0
1747 1751 -1.0
1747 1875 -3.0
1748 1756 -3.0
1749 1757 3.0
1750 1758 -3.0
1751 1759 3.0
1752 1756 1.0
1752 1757 1.0
1752 1758 -1.0
1752 1759 -1.0
1752 1880 3.0
1753 1756 1.0
1753 1757 1.0
1753 1758 1.0
1753 1759 -1.0
1753 1881 3.0
1754 1756 -1.0
1754 1757 -1.0
1754 1758 -1.0
1754 1759 1.0
1754 1882 -3.0
1755 1756 -1.0
1755 1757 1.0
1755 1758 -1.0
1755 1759 -1.0
1755 1883 -3.0
1756 1764 -3.0
1757 1765 -3.0
1758 1766 -3.0
1759 1767 -3.0
1760 1764 1.0
1760 1765 1.0
1760 1766 1.0
1760 1767 -1.0
1760 1888 -3.0
1761 1764 -1.0
1761 1765 1.0
1761 1766 1.0
1761 1767 1.0
1761 1889 -3.0
1762 1764 1.0
1762 1765 -1.0
1762 1766 1.0
1762 1767 1.0
1762 1890 -3.0
1763 1764 -1.0
1763 1765 -1.0
1763 1766 1.0
1763 1767 -1.0
1763 1891 3.0
1764 1772 -3.0
1765 1773 -3.0
1766 1774 3.0
1767 1775 -3.0
1768 1772 1.0
1768 1773 1.0
1768 1774 -1.0
1768 1775 1.0
1768 1896 -3.0
1769 1772 -1.0
1769 1773 -1.0
1769 1774 1.0
1769 1775 1.0
1769 1897 3.0
1770 1772 -1.0
1770 1773 -1.0
1770 1774 -1.0
1770 1775 1.0
1770 1898 -3.0
1771 1772 1.0
1771 1773 -1.0
1771 1774 -1.0
1771 1775 1.0
1771 1899 3.0
1772 1780 -3.0
1773 1781 3.0
1774 1782 -3.0
1775 1783 3.0
1776 1780 -1.0
1776 1781 -1.0
1776 1782 -1.0
1776 1783 -1.0
1776 1904 3.0
1777 1780 1.0
1777 1781 1.0
1777 1782 -1.0
1777 1783 1.0
1777 1905 3.0
1778 1780 1.0
1778 1781 -1.0
1778 1782 1.0
1778 1783 -1.0
1778 1906 3.0
1779 1780 -1.0
1779 1781 -1.0
1779 1782 -1.0
1779 1783 1.0
1779 1907 -3.0
1780 1788 -3.0
1781 1789 3.0
1782 1790 3.0
1783 1791 -3.0
1784 1788 -1.0
1784 1789 -1.0
1784 1790 -1.0
1784 1791 1.0
1784 1912 -3.0
1785 1788 -1.0
1785 1789 1.0
1785 1790 1.0
1785 1791 -1.0
1785 1913 3.0
1786 1788 -1.0
1786 1789 1.0
1786 1790 -1.0
1786 1791 1.0
1786 1914 -3.0
1787 1788 1.0
1787 1789 -1.0
1787 1790 1.0
1787 1791 -1.0
1787 1915 -3.0
1792 1796 -1.0
1792 1797 -1.0
1792 1798 1.0
1792 1799 -1.0
1792 1920 3.0
1793 1796 -1.0
1793 1797 -1.0
1793 1798 -1.0
1793 1799 -1.0
1793 1921 3.0
1794 1796 -1.0
1794 1797 -1.0
1794 1798 -1.0
1794 1799 -1.0
1794 1922 -3.0
1795 1796 1.0
1795 1797 -1.0
1795 1798 1.0
1795 1799 -1.0
1795 1923 -3.0
1796 1804 -3.0
1797 1805 -3.0
1798 1806 -3.0
1799 1807 -3.0
1800 1804 1.0
1800 1805 1.0
1800 1806 -1.0
1800 1807 -1.0
1800 1928 -3.0
1801 1804 -1.0
1801 1805 1.0
1801 1806 1.0
1801 1807 -1.0
1801 1929 -3.0
1802 1804 1.0
1802 1805 -1.0
1802 1806 1.0
1802 1807 1.0
1802 1930 3.0
1803 1804 1.0
1803 1805 1.0
1803 1806 1.0
1803 1807 1.0
1803 1931 3.0
1804 1812 -3.0
1805 1813 3.0
1806 1814 3.0
1807 1815 3.0
1808 1812 -1.0
1808 1813 -1.0
1808 1814 -1.0
1808 1815 -1.0
1808 1936 -3.0
1809 1812 1.0
1809 1813 1.0
1809 1814 -1.0
1809 1815 -1.0
1809 1937 -3.0
1810 1812 -1.0
1810 1813 -1.0
1810 1814 -1.0
1810 1815 1.0
1810 1938 3.0
1811 1812 1.0
1811 1813 -1.0
1811 1814 -1.0
1811 1815 1.0
1811 1939 3.0
1812 1820 3.0
1813 1821 3.0
1814 1822 3.0
1815 1823 3.0
1816 1820 1.0
1816 1821 1.0
1816 1822 1.0
1816 1823 1.0
1816 1944 3.0
1817 1820 -1.0
1817 1821 -1.0
1817 1822 1.0
1817 1823 1.0
1817 1945 3.0
1818 1820 1.0
1818 1821 -1.0
1818 1822 -1.0
1818 1823 1.0
1818 1946 -3.0
1819 1820 1.0
1819 1821 1.0
1819 1822 1.0
1819 1823 -1.0
1819 1947 3.0
1820 1828 -3.0
1821 1829 3.0
1822 1830 -3.0
1823 1831 3.0
1824 1828 -1.0
1824 1829 -1.0
1824 1830 -1.0
1824 1831 1.0
1824 1952 3.0
1825 1828 -1.0
1825 1829 1.0
1825 1830 -1.0
1825 1831 -1.0
1825 1953 3.0
1826 1828 -1.0
1826 1829 -1.0
1826 1830 1.0
1826 1831 -1.0
1826 1954 -3.0
1827 1828 -1.0
1827 1829 -1.0
1827 1830 1.0
1827 1831 1.0
1827 1955 3.0
1828 1836 3.0
1829 1837 -3.0
1830 1838 -3.0
1831 1839 3.0
1832 1836 -1.0
1832 1837 -1.0
1832 1838 -1.0
1832 1839 1.0
1832 1960 -3.0
1833 1836 1.0
1833 1837 1.0
1833 1838 1.0
1833 1839 -1.0
1833 1961 -3.0
1834 1836 1.0
1834 1837 -1.0
1834 1838 1.0
1834 1839 1.0
1834 1962 -3.0
1835 1836 1.0
1835 1837 -1.0
1835 1838 1.0
1835 1839 -1.0
1835 1963 3.0
1836 1844 3.0
1837 1845 3.0
1838 1846 -3.0
1839 1847 3.0
1840 1844 -1.0
1840 1845 -1.0
1840 1846 1.0
1840 1847 1.0
1840 1968 3.0
1841 1844 1.0
1841 1845 -1.0
1841 1846 -1.0
1841 1847 -1.0
1841 1969 3.0
1842 1844 1.0
1842 1845 1.0
1842 1846 -1.0
1842 1847 -1.0
1842 1970 3.0
1843 1844 -1.0
1843 1845 1.0
1843 1846 1.0
1843 1847 1.0
1843 1971 -3.0
1844 1852 -3.0
1845 1853 3.0
1846 1854 3.0
1847 1855 -3.0
1848 1852 1.0
1848 1853 1.0
1848 1854 1.0
1848 1855 1.0
1848 1976 3.0
1849 1852 1.0
1849 1853 1.0
1849 1854 -1.0
1849 1855 -1.0
1849 1977 -3.0
1850 1852 -1.0
1850 1853 -1.0
1850 1854 1.0
1850 1855 -1.0
1850 1978 -3.0
1851 1852 1.0
1851 1853 -1.0
1851 1854 -1.0
1851 1855 1.0
1851 1979 -3.0
1852 1860 3.0
1853 1861 3.0
1854 1862 -3.0
1855 1863 3.0
1856 1860 -1.0
1856 1861 -1.0
1856 1862 -1.0
1856 1863 1.0
1856 1984 3.0
1857 1860 -1.0
1857 1861 -1.0
1857 1862 -1.0
1857 1863 1.0
1857 1985 3.0
1858 1860 1.0
1858 1861 -1.0
1858 1862 -1.0
1858 1863 -1.0
1858 1986 -3.0
1859 1860 -1.0
1859 1861 -1.0
1859 1862 -1.0
1859 1863 1.0
1859 1987 -3.0
1860 1868 -3.0
1861 1869 -3.0
1862 1870 -3.0
1863 1871 3.0
1864 1868 -1.0
1864 1869 -1.0
1864 1870 1.0
1864 1871 1.0
1864 1992 3.0
1865 1868 1.0
1865 1869 -1.0
1865 1870 1.0
1865 1871 -1.0
1865 1993 3.0
1866 1868 -1.0
1866 1869 1.0
1866 1870 -1.0
1866 1871 1.0
1866 1994 -3.0
1867 1868 1.0
1867 1869 -1.0
1867 1870 -1.0
1867 1871 1.0
1867 1995 3.0
1868 1876 3.0
1869 1877 -3.0
1870 1878 3.0
1871 1879 -3.0
1872 1876 -1.0
1872 1877 1.0
1872 1878 1.0
1872 1879 -1.0
1872 2000 -3.0
1873 1876 1.0
1873 1877 -1.0
1873 1878 1.0
1873 1879 1.0
1873 2001 -3.0
1874 1876 1.0
1874 1877 1.0
1874 1878 -1.0
1874 1879 -1.0
1874 2002 3.0
1875 1876 1.0
1875 1877 1.0
1875 1878 1.0
1875 1879 1.0
1875 2003 3.0
1876 1884 3.0
1877 1885 -3.0
1878 1886 3.0
1879 1887 3.0
1880 1884 1.0
1880 1885 1.0
1880 1886 -1.0
1880 1887 -1.0
1880 2008 -3.0
1881 1884 -1.0
1881 1885 -1.0
1881 1886 1.0
1881 1887 -1.0
1881 2009 -3.0
1882 1884 -1.0
1882 1885 1.0
1882 1886 1.0
1882 1887 1.0
1882 2010 -3.0
1883 1884 -1.0
1883 1885 -1.0
1883 1886 1.0
1883 1887 -1.0
1883 2011 3.0
1884 1892 -3.0
1885 1893 -3.0
1886 1894 -3.0
1887 1895 3.0
1888 1892 1.0
1888 1893 1.0
1888 1894 1.0
1888 1895 1.0
1888 2016 -3.0
1889 1892 -1.0
1889 1893 -1.0
1889 1894 1.0
1889 1895 -1.0
1889 2017 -3.0
1890 1892 -1.0
1890 1893 -1.0
1890 1894 1.0
1890 1895 1.0
1890 2018 -3.0
1891 1892 1.0
1891 1893 1.0
1891 1894 -1.0
1891 1895 -1.0
1891 2019 -3.0
1892 1900 3.0
1893 1901 -3.0
1894 1902 3.0
1895 1903 3.0
1896 1900 1.0
1896 1901 -1.0
1896 1902 -1.0
1896 1903 1.0
1896 2024 3.0
1897 1900 1.0
1897 1901 1.0
1897 1902 1.0
1897 1903 -1.0
1897 2025 3.0
1898 1900 1.0
1898 1901 -1.0
1898 1902 1.0
1898 1903 1.0
1898 2026 -3.0
1899 1900 -1.0
1899 1901 -1.0
1899 1902 1.0
1899 1903 -1.0
1899 2027 -3.0
1900 1908 -3.0
1901 1909 3.0
1902 1910 3.0
1903 1911 3.0
1904 1908 1.0
1904 1909 1.0
1904 1910 1.0
1904 1911 -1.0
1904 2032 -3.0
1905 1908 -1.0
1905 1909 -1.0
1905 1910 1.0
1905 1911 -1.0
1905 2033 3.0
1906 1908 -1.0
1906 1909 1.0
1906 1910 1.0
1906 1911 1.0
1906 2034 3.0
1907 1908 -1.0
1907 1909 1.0
1907 1910 -1.0
1907 1911 1.0
1907 2035 -3.0
1908 1916 3.0
1909 1917 -3.0
1910 1918 -3.0
1911 1919 3.0
1912 1916 1.0
1912 1917 -1.0
1912 1918 -1.0
1912 1919 -1.0
1912 2040 -3.0
1913 1916 -1.0
1913 1917 1.0
1913 1918 1.0
1913 1919 1.0
1913 2041 -3.0
1914 1916 -1.0
1914 1917 1.0
1914 1918 1.0
1914 1919 -1.0
1914 2042 3.0
1915 1916 1.0
1915 1917 -1.0
1915 1918 1.0
1915 1919 1.0
1915 2043 3.0
1920 1924 -1.0
1920 1925 -1.0
1920 1926 -1.0
1920 1927 1.0
1921 1924 1.0
1921 1925 1.0
1921 1926 1.0
1921 1927 -1.0
1922 1924 -1.0
1922 1925 -1.0
1922 1926 -1.0
1922 1927 -1.0
1923 1924 1.0
1923 1925 1.0
1923 1926 -1.0
1923 1927 -1.0
1924 1932 -3.0
1925 1933 3.0
1926 1934 3.0
1927 1935 -3.0
1928 1932 -1.0
1928 1933 1.0
1928 1934 1.0
1928 1935 1.0
1929 1932 1.0
1929 1933 1.0
1929 1934 1.0
1929 1935 -1.0
1930 1932 -1.0
1930 1933 -1.0
1930 1934 -1.0
1930 1935 -1.0
1931 1932 -1.0
1931 1933 -1.0
1931 1934 1.0
1931 1935 1.0
1932 1940 -3.0
1933 1941 -3.0
1934 1942 3.0
1935 1943 -3.0
1936 1940 -1.0
1936 1941 1.0
1936 1942 -1.0
1936 1943 -1.0
1937 1940 1.0
1937 1941 1.0
1937 1942 -1.0
1937 1943 1.0
1938 1940 1.0
1938 1941 1.0
1938 1942 -1.0
1938 1943 1.0
1939 1940 -1.0
1939 1941 -1.0
1939 1942 -1.0
1939 1943 -1.0
1940 1948 -3.0
1941 1949 -3.0
1942 1950 3.0
1943 1951 -3.0
1944 1948 -1.0
1944 1949 1.0
1944 1950 -1.0
1944 1951 1.0
1945 1948 1.0
1945 1949 1.0
1945 1950 -1.0
1945 1951 1.0
1946 1948 1.0
1946 1949 -1.0
1946 1950 1.0
1946 1951 -1.0
1947 1948 1.0
1947 1949 -1.0
1947 1950 -1.0
1947 1951 1.0
1948 1956 3.0
1949 1957 -3.0
1950 1958 -3.0
1951 1959 -3.0
1952 1956 1.0
1952 1957 -1.0
1952 1958 -1.0
1952 1959 1.0
1953 1956 1.0
1953 1957 -1.0
1953 1958 1.0
1953 1959 1.0
1954 1956 -1.0
1954 1957 1.0
1954 1958 1.0
1954 1959 1.0
1955 1956 1.0
1955 1957 1.0
1955 1958 -1.0
1955 1959 1.0
1956 1964 3.0
1957 1965 -3.0
1958 1966 3.0
1959 1967 -3.0
1960 1964 1.0
1960 1965 1.0
1960 1966 1.0
1960 1967 -1.0
1961 1964 1.0
1961 1965 1.0
1961 1966 1.0
1961 1967 -1.0
1962 1964 1.0
1962 1965 1.0
1962 1966 -1.0
1962 1967 -1.0
1963 1964 1.0
1963 1965 -1.0
1963 1966 1.0
1963 1967 1.0
1964 1972 -3.0
1965 1973 -3.0
1966 1974 -3.0
1967 1975 3.0
1968 1972 -1.0
1968 1973 1.0
1968 1974 -1.0
1968 1975 1.0
1969 1972 1.0
1969 1973 -1.0
1969 1974 -1.0
1969 1975 -1.0
1970 1972 -1.0
1970 1973 -1.0
1970 1974 1.0
1970 1975 1.0
1971 1972 -1.0
1971 1973 -1.0
1971 1974 1.0
1971 1975 1.0
1972 1980 3.0
1973 1981 3.0
1974 1982 -3.0
1975 1983 -3.0
1976 1980 1.0
1976 1981 -1.0
1976 1982 -1.0
1976 1983 1.0
1977 1980 -1.0
1977 1981 -1.0
1977 1982 -1.0
1977 1983 1.0
1978 1980 1.0
1978 1981 1.0
1978 1982 -1.0
1978 1983 -1.0
1979 1980 -1.0
1979 1981 1.0
1979 1982 -1.0
1979 1983 -1.0
1980 1988 -3.0
1981 1989 3.0
1982 1990 3.0
1983 1991 3.0
1984 1988 1.0
1984 1989 -1.0
1984 1990 -1.0
1984 1991 1.0
1985 1988 -1.0
1985 1989 -1.0
1985 1990 1.0
1985 1991 1.0
1986 1988 -1.0
1986 1989 1.0
1986 1990 -1.0
1986 1991 1.0
1987 1988 -1.0
1987 1989 -1.0
1987 1990 -1.0
1987 1991 -1.0
1988 1996 -3.0
1989 1997 3.0
1990 1998 3.0
1991 1999 3.0
1992 1996 -1.0
1992 1997 -1.0
1992 1998 -1.0
1992 1999 1.0
1993 1996 1.0
1993 1997 -1.0
1993 1998 -1.0
1993 1999 1.0
1994 1996 1.0
1994 1997 1.0
1994 1998 1.0
1994 1999 -1.0
1995 1996 -1.0
1995 1997 -1.0
1995 1998 1.0
1995 1999 1.0
1996 2004 3.0
1997 2005 3.0
1998 2006 -3.0
1999 2007 3.0
2000 2004 1.0
2000 2005 -1.0
2000 2006 -1.0
2000 2007 1.0
2001 2004 -1.0
2001 2005 -1.0
2001 2006 1.0
2001 2007 -1.0
2002 2004 -1.0
2002 2005 1.0
2002 2006 1.0
2002 2007 -1.0
2003 2004 -1.0
2003 2005 -1.0
2003 2006 -1.0
2003 2007 1.0
2004 2012 -3.0
2005 2013 -3.0
2006 2014 3.0
2007 2015 -3.0
2008 2012 -1.0
2008 2013 -1.0
2008 2014 -1.0
2008 2015 -1.0
2009 2012 1.0
2009 2013 -1.0
2009 2014 -1.0
2009 2015 1.0
2010 2012 1.0
2010 2013 -1.0
2010 2014 -1.0
2010 2015 1.0
2011 2012 -1.0
2011 2013 -1.0
2011 2014 1.0
2011 2015 1.0
2012 2020 3.0
2013 2021 3.0
2014 2022 -3.0
2015 2023 -3.0
2016 2020 -1.0
2016 2021 1.0
2016 2022 -1.0
2016 2023 1.0
2017 2020 -1.0
2017 2021 -1.0
2017 2022 1.0
2017 2023 1.0
2018 2020 -1.0
2018 2021 -1.0
2018 2022 -1.0
2018 2023 -1.0
2019 2020 1.0
2019 2021 1.0
2019 2022 -1.0
2019 2023 -1.0
2020 2028 3.0
2021 2029 3.0
2022 2030 3.0
2023 2031 -3.0
2024 2028 1.0
2024 2029 1.0
2024 2030 -1.0
2024 2031 1.0
2025 2028 1.0
2025 2029 1.0
2025 2030 -1.0
2025 2031 -1.0
2026 2028 -1.0
2026 2029 1.0
2026 2030 1.0
2026 2031 1.0
2027 2028 -1.0
2027 2029 1.0
2027 2030 1.0
2027 2031 -1.0
2028 2036 -3.0
2029 2037 3.0
2030 2038 -3.0
2031 2039 3.0
2032 2036 1.0
2032 2037 -1.0
2032 2038 1.0
2032 2039 -1.0
2033 2036 -1.0
2033 2037 -1.0
2033 2038 -1.0
2033 2039 -1.0
2034 2036 1.0
2034 2037 -1.0
2034 2038 -1.0
2034 2039 -1.0
2035 2036 -1.0
2035 2037 -1.0
2035 2038 -1.0
2035 2039 1.0
2036 2044 3.0
2037 2045 -3.0
2038 2046 -3.0
2039 2047 -3.0
2040 2044 1.0
2040 2045 -1.0
2040 2046 1.0
2040 2047 1.0
2041 2044 -1.0
2041 2045 -1.0
2041 2046 1.0
2041 2047 -1.0
2042 2044 1.0
2042 2045 1.0
2042 2046 1.0
2042 2047 -1.0
2043 2044 -1.0
2043 2045 -1.0
2043 2046 1.0
2043 2047 1.0
